term,frequency_doc1,frequency_doc2,sum_of_frequencies
us,52,44,96
shall,68,14,82
thou,77,4,81
upon,54,18,72
yet,54,9,63
good,46,13,59
would,43,16,59
make,35,20,55
thee,52,3,55
time,42,13,55
hath,50,4,54
come,43,10,53
thy,49,3,52
like,37,15,52
one,30,21,51
macbeth,50,0,50
also,1,47,48
say,37,9,46
well,33,11,44
great,29,15,44
must,36,8,44
enter,42,0,42
know,32,9,41
may,29,10,39
things,22,15,37
give,23,14,37
tis,36,0,36
lord,33,3,36
done,32,4,36
doe,36,0,36
let,32,2,34
man,27,7,34
ile,34,0,34
men,15,19,34
feare,33,0,33
see,24,8,32
king,27,5,32
day,19,11,30
selfe,29,0,29
night,27,1,28
speake,28,0,28
sir,27,0,27
thane,25,0,25
many,9,16,25
made,12,13,25
take,15,10,25
without,12,13,25
blood,21,2,23
hand,19,4,23
nature,17,6,23
said,4,19,23
love,19,4,23
cannot,20,2,22
looke,22,0,22
though,17,5,22
divers,0,21,21
mine,21,0,21
againe,21,0,21
much,12,9,21
sleepe,21,0,21
cawdor,20,0,20
death,19,1,20
land,3,17,20
nothing,15,5,20
heart,18,2,20
still,17,3,20
every,15,5,20
till,17,2,19
worthy,16,3,19
strangers,2,17,19
first,11,8,19
strange,16,3,19
call,8,11,19
thought,14,5,19
life,17,2,19
th,19,0,19
banquo,19,0,19
heere,19,0,19
new,12,6,18
came,5,13,18
light,9,9,18
put,13,5,18
two,8,10,18
three,8,10,18
ever,13,5,18
people,4,14,18
state,7,10,17
set,7,10,17
heaven,12,5,17
art,15,2,17
leave,12,5,17
god,11,6,17
place,10,7,17
dos,16,0,16
live,9,7,16
ere,15,1,16
could,12,4,16
whose,12,4,16
might,6,10,16
ye,3,13,16
poore,16,0,16
way,15,1,16
father,12,3,15
heare,15,0,15
little,4,11,15
noble,13,2,15
tell,10,5,15
shew,14,1,15
never,12,3,15
ayre,14,0,14
wife,13,1,14
bloody,14,0,14
ith,14,0,14
name,11,3,14
none,11,3,14
dare,13,0,13
several,0,13,13
dead,13,0,13
bring,9,4,13
deed,13,0,13
feast,5,8,13
therefore,3,10,13
theres,13,0,13
go,11,2,13
within,10,3,13
better,8,5,13
world,4,9,13
inventor,0,13,13
haile,13,0,13
hands,12,1,13
eyes,9,3,12
wood,11,1,12
goe,12,0,12
eye,11,1,12
stand,10,2,12
macduffe,12,0,12
grace,10,2,12
friends,10,2,12
pray,12,0,12
use,4,8,12
thus,9,3,12
thing,6,6,12
thinke,12,0,12
bed,12,0,12
scotland,12,0,12
given,7,5,12
sword,12,0,12
house,6,5,11
morrow,11,0,11
long,3,8,11
sight,9,2,11
desire,7,4,11
stay,4,7,11
former,5,6,11
marriage,0,11,11
hold,9,2,11
full,10,1,11
almost,8,3,11
likewise,0,11,11
thine,10,1,11
double,11,0,11
finde,11,0,11
since,6,5,11
peace,9,2,11
unto,3,8,11
forth,5,6,11
oth,11,0,11
honor,10,0,10
houre,10,0,10
rest,8,2,10
beare,10,0,10
else,10,0,10
hence,10,0,10
known,7,3,10
onely,10,0,10
away,9,1,10
words,9,1,10
welcome,10,0,10
enough,7,3,10
part,5,5,10
even,10,0,10
face,10,0,10
means,0,10,10
whats,10,0,10
less,7,3,10
trouble,7,3,10
beene,10,0,10
far,1,9,10
family,0,10,10
end,4,6,10
country,5,5,10
lives,10,0,10
woman,10,0,10
earth,6,4,10
flye,10,0,10
get,8,1,9
report,9,0,9
hope,9,0,9
greater,2,7,9
false,8,1,9
comes,9,0,9
fleans,9,0,9
lye,9,0,9
born,9,0,9
gold,0,9,9
places,1,8,9
hast,8,1,9
thats,9,0,9
years,0,9,9
tyrant,9,0,9
excellent,0,9,9
birds,3,6,9
sick,0,9,9
ships,0,9,9
last,8,1,9
keepe,9,0,9
fight,9,0,9
return,3,6,9
high,5,4,9
gone,8,0,8
parts,0,8,8
nights,8,0,8
brought,2,6,8
truth,8,0,8
meet,7,1,8
royall,8,0,8
whole,3,5,8
kingdom,0,8,8
motions,0,8,8
dayes,8,0,8
others,3,5,8
ist,8,0,8
sea,3,5,8
fortune,7,1,8
free,5,3,8
england,8,0,8
heard,8,0,8
small,0,8,8
sit,7,1,8
head,8,0,8
together,4,4,8
care,5,3,8
represent,0,8,8
dunsinane,8,0,8
trve,8,0,8
kings,8,0,8
times,4,4,8
went,4,4,8
children,6,2,8
tongve,8,0,8
power,7,1,8
hang,8,0,8
sorrow,8,0,8
strength,3,5,8
reason,5,3,8
round,5,3,8
hee,8,0,8
body,3,5,8
either,1,7,8
rather,7,1,8
order,2,5,7
colours,1,6,7
tirsan,0,7,7
fled,7,0,7
seeme,7,0,7
stood,4,3,7
instruments,3,4,7
knowledge,3,4,7
countries,3,4,7
indeed,4,3,7
least,3,4,7
sounds,0,7,7
fit,4,3,7
send,6,1,7
happy,3,4,7
weel,7,0,7
throw,7,0,7
silver,1,6,7
gracious,6,1,7
fall,6,1,7
lets,7,0,7
bid,7,0,7
drinke,7,0,7
feares,7,0,7
cry,7,0,7
answer,5,2,7
daggers,7,0,7
another,5,2,7
bodies,0,7,7
left,4,3,7
persons,0,7,7
neither,1,6,7
cometh,0,7,7
number,0,7,7
late,6,1,7
city,0,7,7
amongst,0,7,7
lady,7,0,7
unknown,2,5,7
knowes,7,0,7
right,3,4,7
thoughts,7,0,7
receive,5,2,7
fell,7,0,7
present,6,1,7
thousand,4,3,7
ten,5,2,7
macduff,7,0,7
blue,0,7,7
command,6,1,7
best,7,0,7
laws,0,7,7
comming,6,0,6
manner,1,5,6
business,5,1,6
chamber,5,1,6
lyes,6,0,6
chariot,0,6,6
gentle,6,0,6
neere,6,0,6
lost,5,1,6
strong,5,1,6
sound,5,1,6
makes,6,0,6
shalt,6,0,6
duncan,6,0,6
doctor,6,0,6
oh,6,0,6
purpose,4,2,6
seen,0,6,6
marry,2,4,6
found,3,3,6
foot,2,4,6
murther,6,0,6
natural,0,6,6
goes,6,0,6
withall,6,0,6
met,3,3,6
water,3,3,6
cause,5,1,6
lay,5,1,6
past,2,4,6
kind,1,5,6
servant,4,2,6
horses,5,1,6
wouldst,6,0,6
saw,5,1,6
breath,6,0,6
health,5,1,6
minde,6,0,6
young,3,3,6
faire,6,0,6
besides,3,3,6
powre,6,0,6
back,1,5,6
memory,2,4,6
drinks,0,6,6
please,6,0,6
abroad,2,4,6
messenger,4,2,6
speech,4,2,6
already,4,2,6
rise,5,1,6
drink,0,6,6
works,0,6,6
governor,0,6,6
helpe,6,0,6
whence,6,0,6
rosse,6,0,6
toth,6,0,6
sisters,6,0,6
tyrants,6,0,6
point,5,1,6
mother,5,1,6
nation,0,6,6
himselfe,6,0,6
wisedome,6,0,6
doth,5,1,6
ask,0,6,6
next,1,5,6
humanity,0,6,6
seene,6,0,6
took,0,5,5
harme,5,0,5
old,4,1,5
em,5,0,5
holy,3,2,5
grave,5,0,5
mans,3,2,5
black,4,1,5
bene,5,0,5
english,5,0,5
chance,5,0,5
offer,2,3,5
gods,2,3,5
imitate,0,5,5
remember,3,2,5
bless,3,2,5
bad,4,1,5
honest,5,0,5
mortall,5,0,5
divine,1,4,5
nations,0,5,5
fire,5,0,5
downe,5,0,5
strike,5,0,5
deepe,5,0,5
going,1,4,5
word,5,0,5
rare,0,5,5
hell,5,0,5
maiesty,5,0,5
highness,5,0,5
amen,5,0,5
certaine,5,0,5
hither,4,1,5
otherwise,0,5,5
seas,1,4,5
safe,5,0,5
single,3,2,5
faces,5,0,5
thankes,5,0,5
thither,5,0,5
whether,4,1,5
servants,3,2,5
hide,4,1,5
terrible,5,0,5
sonnes,5,0,5
backe,5,0,5
thanes,5,0,5
meanes,5,0,5
comfort,5,0,5
duties,5,0,5
estate,2,3,5
ship,0,5,5
malcolme,5,0,5
cold,4,1,5
thanks,3,2,5
home,5,0,5
blessing,3,2,5
service,3,2,5
seyward,5,0,5
takes,5,0,5
shake,5,0,5
find,0,5,5
fate,5,0,5
wine,3,2,5
move,4,1,5
sweet,4,1,5
heavens,4,1,5
velvet,0,5,5
experiments,0,5,5
law,0,5,5
thrice,5,0,5
selves,5,0,5
room,0,5,5
company,2,3,5
touch,3,2,5
worse,4,1,5
cut,3,2,5
taken,0,5,5
wrought,4,1,5
arts,0,5,5
towards,3,2,5
doubt,4,1,5
cauldron,5,0,5
thence,5,0,5
office,3,2,5
whereof,0,5,5
title,5,0,5
worst,5,0,5
labour,3,2,5
foule,5,0,5
hees,5,0,5
become,4,1,5
attend,4,1,5
large,2,3,5
crown,3,2,5
question,4,1,5
think,0,5,5
silk,0,5,5
violent,4,1,5
pleasure,4,1,5
eare,5,0,5
stands,5,0,5
natures,5,0,5
person,3,2,5
innocent,5,0,5
honors,4,0,4
crvell,4,0,4
byrnane,4,0,4
meat,0,4,4
liud,4,0,4
throne,4,0,4
gainst,4,0,4
alas,4,0,4
spirit,2,2,4
fine,0,4,4
delight,2,2,4
yong,4,0,4
sonne,4,0,4
dyde,4,0,4
calld,4,0,4
broke,4,0,4
dearest,4,0,4
toward,4,0,4
white,1,3,4
arme,4,0,4
bensalem,0,4,4
souldier,4,0,4
gate,4,0,4
bosome,4,0,4
turn,2,2,4
ivy,0,4,4
chair,0,4,4
shame,4,0,4
seemeth,1,3,4
colour,1,3,4
wherein,1,3,4
dost,3,1,4
anon,4,0,4
performe,4,0,4
burn,4,0,4
golden,4,0,4
hard,3,1,4
bubble,4,0,4
wast,4,0,4
prythee,4,0,4
charme,4,0,4
relation,1,3,4
borne,4,0,4
remedy,0,4,4
cast,3,1,4
hill,2,2,4
sorts,1,3,4
europe,0,4,4
spake,0,4,4
cedar,0,4,4
taking,1,3,4
age,1,3,4
castle,4,0,4
side,0,4,4
days,0,4,4
vantage,3,1,4
trust,4,0,4
breed,4,0,4
hostesse,4,0,4
play,4,0,4
spend,4,0,4
making,2,2,4
humbly,1,3,4
knocking,4,0,4
bleed,4,0,4
fair,0,4,4
used,0,4,4
meane,4,0,4
cure,3,1,4
course,2,2,4
sleep,3,1,4
need,4,0,4
prayers,3,1,4
cryd,4,0,4
laugh,4,0,4
approach,4,0,4
second,4,0,4
valiant,4,0,4
mixtures,0,4,4
respect,1,3,4
husband,4,0,4
dye,4,0,4
seemes,4,0,4
open,3,1,4
goodnight,4,0,4
owle,4,0,4
hearke,4,0,4
bold,4,0,4
artificial,0,4,4
ready,3,1,4
greatness,3,1,4
pronounce,4,0,4
farre,4,0,4
top,1,3,4
winde,4,0,4
sure,4,0,4
nay,2,2,4
fill,4,0,4
highnesse,4,0,4
heeres,4,0,4
touching,0,4,4
lust,2,2,4
blow,4,0,4
behold,4,0,4
fife,4,0,4
wee,4,0,4
sent,4,0,4
houses,1,3,4
voice,1,3,4
master,4,0,4
brethren,0,4,4
matter,0,4,4
didst,4,0,4
loose,3,1,4
warre,4,0,4
obedience,3,1,4
patterns,0,4,4
swift,4,0,4
killd,4,0,4
greatest,2,2,4
paines,4,0,4
gave,2,2,4
promisd,4,0,4
soule,4,0,4
curious,0,4,4
issve,4,0,4
work,0,4,4
ont,4,0,4
observations,0,4,4
note,4,0,4
women,4,0,4
glamis,4,0,4
start,4,0,4
villaine,4,0,4
rich,1,3,4
banquos,4,0,4
letters,0,4,4
twenty,3,1,4
cheere,4,0,4
often,4,0,4
court,4,0,4
flight,4,0,4
soules,4,0,4
keepes,4,0,4
traitor,4,0,4
nine,4,0,4
something,4,0,4
sundry,3,1,4
loves,4,0,4
owe,4,0,4
distance,2,2,4
perfect,4,0,4
alls,4,0,4
charge,3,1,4
seyton,4,0,4
hearts,3,1,4
gentlemen,4,0,4
books,0,4,4
execution,3,1,4
told,2,2,4
friend,4,0,4
alive,3,1,4
mens,2,2,4
horse,4,0,4
mercy,2,2,4
wise,2,2,4
true,0,4,4
darke,4,0,4
ill,3,1,4
yeeld,4,0,4
thanke,4,0,4
worke,4,0,4
suffer,3,1,4
trees,2,1,3
breake,3,0,3
placed,0,3,3
impostures,0,3,3
evils,2,1,3
boy,3,0,3
somewhat,0,3,3
trade,2,1,3
growes,3,0,3
linen,0,3,3
lies,2,1,3
sometime,3,0,3
pale,3,0,3
custom,0,3,3
danger,2,1,3
beard,2,1,3
middle,0,3,3
practise,1,2,3
halfpace,0,3,3
soone,3,0,3
affeard,3,0,3
tender,2,1,3
smile,2,1,3
jew,0,3,3
priest,0,3,3
promise,2,1,3
minute,2,1,3
lawgiver,0,3,3
snow,1,2,3
christians,0,3,3
boyle,3,0,3
drop,3,0,3
dont,3,0,3
sights,3,0,3
spoken,3,0,3
voyages,0,3,3
particulars,1,2,3
lookd,3,0,3
courage,3,0,3
vices,1,2,3
show,2,1,3
bare,1,2,3
faile,3,0,3
names,1,2,3
feet,2,1,3
shoes,0,3,3
sitteth,0,3,3
reward,0,3,3
moment,3,0,3
applaud,3,0,3
read,1,2,3
kill,3,0,3
begin,2,1,3
graces,3,0,3
host,3,0,3
jesus,0,3,3
certain,0,3,3
diverse,0,3,3
direction,2,1,3
altogether,1,2,3
fathers,3,0,3
coya,0,3,3
keep,0,3,3
mile,2,1,3
discern,1,2,3
broad,3,0,3
feele,3,0,3
declare,0,3,3
mayst,3,0,3
degrees,1,2,3
castles,3,0,3
america,0,3,3
shut,3,0,3
wall,0,3,3
temple,1,2,3
ones,2,1,3
businesse,3,0,3
griefe,3,0,3
bread,0,3,3
reverence,0,3,3
withal,0,3,3
space,1,2,3
secret,2,1,3
sides,3,0,3
naked,2,1,3
forty,0,3,3
meere,3,0,3
angels,2,1,3
taste,1,2,3
mountains,0,3,3
fast,2,1,3
bin,3,0,3
traitors,3,0,3
duncane,3,0,3
human,0,3,3
adorned,0,3,3
twelve,1,2,3
especially,1,2,3
enemy,3,0,3
tables,2,1,3
carry,2,1,3
pious,2,1,3
wash,3,0,3
seemed,0,3,3
avoid,1,2,3
slaine,3,0,3
highest,0,3,3
fellows,0,3,3
murtherd,3,0,3
scone,3,0,3
queene,3,0,3
carried,1,2,3
lifes,3,0,3
bones,3,0,3
bath,1,2,3
glory,1,2,3
wayes,3,0,3
throat,3,0,3
linage,0,3,3
seeing,0,3,3
son,1,2,3
wherefore,3,0,3
shadow,3,0,3
dainty,1,2,3
eate,3,0,3
beleeve,3,0,3
called,0,3,3
beside,2,1,3
island,0,3,3
vulgar,0,3,3
truly,2,1,3
chaste,0,3,3
pride,1,2,3
ground,2,1,3
answered,0,3,3
lacke,3,0,3
forget,1,2,3
remain,0,3,3
damnd,3,0,3
senses,1,2,3
draw,2,1,3
unnaturall,3,0,3
weare,3,0,3
duncans,3,0,3
hopes,3,0,3
murthers,3,0,3
ordain,0,3,3
ends,2,1,3
inventions,0,3,3
possible,0,3,3
flesh,1,2,3
babes,3,0,3
meeting,3,0,3
wish,3,0,3
f,0,3,3
hart,3,0,3
commend,2,1,3
pallace,3,0,3
conference,1,2,3
affraid,3,0,3
mallice,3,0,3
pass,0,3,3
speakst,3,0,3
warlike,3,0,3
groomes,3,0,3
patience,3,0,3
file,3,0,3
canst,3,0,3
according,2,1,3
particular,1,2,3
tree,2,1,3
offices,2,1,3
faith,2,1,3
gives,3,0,3
hear,0,3,3
divell,3,0,3
invention,1,2,3
donalbaine,3,0,3
causes,2,1,3
weyard,3,0,3
roote,3,0,3
disease,3,0,3
daughters,1,2,3
desired,0,3,3
dve,3,0,3
descended,1,2,3
speeches,3,0,3
remembrance,3,0,3
saying,1,2,3
noyse,3,0,3
conditions,0,3,3
paid,2,1,3
ride,3,0,3
advice,2,1,3
horror,3,0,3
fury,3,0,3
hoa,3,0,3
morning,2,1,3
points,1,2,3
worth,3,0,3
led,2,1,3
foole,3,0,3
front,3,0,3
spoke,3,0,3
kernes,3,0,3
horrible,3,0,3
owne,3,0,3
breads,0,3,3
spirits,3,0,3
knowne,3,0,3
meats,0,3,3
lips,3,0,3
plant,2,1,3
justice,3,0,3
gashes,3,0,3
filthy,3,0,3
absolute,3,0,3
grains,0,3,3
gentleman,3,0,3
afar,0,3,3
gvest,3,0,3
save,1,2,3
roots,0,3,3
meteors,0,3,3
mindes,3,0,3
mouncht,3,0,3
ore,3,0,3
damned,3,0,3
wonder,2,1,3
norweyan,3,0,3
success,3,0,3
seemd,3,0,3
act,3,0,3
shine,3,0,3
air,0,3,3
mad,3,0,3
calls,3,0,3
hearing,2,1,3
marke,3,0,3
understand,1,2,3
variety,0,3,3
began,3,0,3
horrid,3,0,3
contend,3,0,3
beasts,0,3,3
wounds,3,0,3
finger,2,1,3
slave,3,0,3
seeke,3,0,3
angus,3,0,3
wilde,3,0,3
whiles,3,0,3
newes,3,0,3
dismall,3,0,3
glamys,3,0,3
braine,3,0,3
liege,3,0,3
proud,2,1,3
ambition,3,0,3
pay,3,0,3
generall,3,0,3
thunder,3,0,3
lesser,2,1,3
easily,0,3,3
charmes,3,0,3
catch,3,0,3
devill,3,0,3
yea,0,3,3
newest,3,0,3
bird,3,0,3
valour,3,0,3
hereafter,2,1,3
pardon,2,1,3
hayle,3,0,3
kinde,3,0,3
hate,2,1,3
leysure,3,0,3
cleave,2,1,3
heavy,3,0,3
weyward,3,0,3
sciences,0,2,2
corn,1,1,2
borders,0,2,2
treasons,2,0,2
swelling,1,1,2
upont,2,0,2
speak,1,1,2
accounted,1,1,2
manly,2,0,2
imperiall,2,0,2
lighted,2,0,2
wracke,2,0,2
armes,2,0,2
ireland,2,0,2
syllable,2,0,2
grown,1,1,2
venom,2,0,2
music,0,2,2
consequence,2,0,2
mechanical,0,2,2
principals,0,2,2
hoped,0,2,2
smiles,2,0,2
safer,2,0,2
perchance,2,0,2
easy,2,0,2
living,1,1,2
heat,0,2,2
tippet,0,2,2
troubled,2,0,2
desolate,1,1,2
discovered,0,2,2
kisse,2,0,2
heeles,2,0,2
sun,1,1,2
sicken,2,0,2
marble,1,1,2
prepared,0,2,2
winn,2,0,2
demand,1,1,2
trusted,2,0,2
quarry,2,0,2
wanted,0,2,2
sickness,0,2,2
treasure,1,1,2
hes,2,0,2
flying,1,1,2
silks,0,2,2
dreadfull,2,0,2
beaten,1,1,2
houres,2,0,2
spices,0,2,2
darkness,2,0,2
sawcy,2,0,2
truths,2,0,2
doubts,2,0,2
confessd,2,0,2
convenient,0,2,2
leavetaking,2,0,2
heads,2,0,2
stage,2,0,2
childe,2,0,2
sawce,2,0,2
blacke,2,0,2
woe,2,0,2
dull,1,1,2
deare,2,0,2
upper,0,2,2
lenox,2,0,2
regard,1,1,2
aid,1,1,2
feed,2,0,2
pure,1,1,2
passion,2,0,2
forgotten,2,0,2
axioms,0,2,2
vice,1,1,2
garments,1,1,2
rebell,2,0,2
named,0,2,2
instituted,0,2,2
orders,0,2,2
stirre,2,0,2
stopt,2,0,2
womans,2,0,2
articulate,0,2,2
rapt,2,0,2
weighd,2,0,2
offered,0,2,2
substance,0,2,2
cling,2,0,2
among,1,1,2
fellow,2,0,2
learn,1,1,2
knew,0,2,2
adde,2,0,2
gladly,1,1,2
tigers,1,1,2
stuffe,2,0,2
yes,2,0,2
green,0,2,2
shining,0,2,2
coole,2,0,2
leaf,0,2,2
destroy,2,0,2
reade,2,0,2
awake,2,0,2
leafe,2,0,2
neyther,2,0,2
goodly,1,1,2
lambe,2,0,2
seize,2,0,2
mediterrane,0,2,2
tongves,2,0,2
precious,2,0,2
fiend,2,0,2
beares,2,0,2
hid,2,0,2
fifty,0,2,2
confound,2,0,2
wear,2,0,2
macbeths,2,0,2
atlantic,0,2,2
bosom,0,2,2
crave,1,1,2
kinds,0,2,2
recoyle,2,0,2
ghost,2,0,2
pine,2,0,2
scruples,2,0,2
navigation,1,1,2
meate,2,0,2
compounded,0,2,2
seventeen,0,2,2
lockes,2,0,2
east,1,1,2
walls,1,1,2
ring,2,0,2
pillowes,2,0,2
courses,0,2,2
famine,2,0,2
insomuch,0,2,2
cells,0,2,2
amazd,2,0,2
window,0,2,2
loyall,2,0,2
unfixe,2,0,2
forbid,2,0,2
blame,2,0,2
goodness,1,1,2
weary,2,0,2
celebrated,0,2,2
choose,0,2,2
gallery,0,2,2
entrance,1,1,2
murtherers,2,0,2
table,1,1,2
midst,1,1,2
judgement,2,0,2
farwell,2,0,2
pittifull,2,0,2
miles,0,2,2
spight,2,0,2
sunn,2,0,2
firstlings,2,0,2
maintain,0,2,2
frets,2,0,2
producing,1,1,2
beleefe,2,0,2
prosperous,2,0,2
merits,0,2,2
objects,0,2,2
esteem,0,2,2
hums,2,0,2
mortal,0,2,2
infected,2,0,2
accursed,2,0,2
thin,0,2,2
advise,2,0,2
hundred,0,2,2
stop,1,1,2
edge,2,0,2
near,0,2,2
fly,2,0,2
needes,2,0,2
enemies,0,2,2
eares,2,0,2
scorne,2,0,2
titles,1,1,2
wing,2,0,2
whereby,1,1,2
corporall,2,0,2
port,0,2,2
station,2,0,2
saviour,0,2,2
vanishd,2,0,2
manhood,2,0,2
whither,2,0,2
bosomes,2,0,2
deceits,0,2,2
bond,2,0,2
arid,0,2,2
sickly,2,0,2
teare,2,0,2
impress,2,0,2
statue,0,2,2
licence,0,2,2
extreme,0,2,2
helps,0,2,2
tooth,2,0,2
lighter,0,2,2
reigne,2,0,2
line,2,0,2
gayne,2,0,2
minds,1,1,2
extasy,2,0,2
curse,2,0,2
haire,2,0,2
poor,0,2,2
sinkes,2,0,2
glasses,0,2,2
seare,2,0,2
depart,1,1,2
partner,2,0,2
sons,0,2,2
fantasticall,2,0,2
rugged,2,0,2
bright,2,0,2
remaines,2,0,2
close,2,0,2
require,2,0,2
straight,2,0,2
inventors,0,2,2
forrest,2,0,2
principal,0,2,2
sonn,2,0,2
absence,2,0,2
bat,2,0,2
waters,0,2,2
statues,0,2,2
flights,0,2,2
abide,2,0,2
snake,2,0,2
infinite,0,2,2
distances,0,2,2
begge,2,0,2
madame,2,0,2
byrnan,2,0,2
got,2,0,2
destruction,2,0,2
feathers,0,2,2
grow,2,0,2
voyage,0,2,2
west,1,1,2
designed,0,2,2
warned,0,2,2
tale,2,0,2
foes,2,0,2
mighty,0,2,2
beate,2,0,2
admirable,0,2,2
fort,2,0,2
mingle,2,0,2
posterity,1,1,2
images,1,1,2
demonstrations,0,2,2
post,2,0,2
swearers,2,0,2
arms,0,2,2
swear,1,1,2
findes,2,0,2
hangd,2,0,2
low,1,1,2
sail,0,2,2
whore,1,1,2
supper,2,0,2
humble,1,1,2
weepe,2,0,2
presence,2,0,2
addition,2,0,2
savage,1,1,2
measure,2,0,2
armd,2,0,2
robes,2,0,2
shewd,2,0,2
mission,0,2,2
mirth,2,0,2
appointed,0,2,2
namd,2,0,2
earnest,2,0,2
kingdomes,2,0,2
publish,0,2,2
forbidden,0,2,2
peru,0,2,2
seem,0,2,2
cosin,2,0,2
tyrambel,0,2,2
wel,2,0,2
adieu,2,0,2
defence,2,0,2
request,1,1,2
weake,2,0,2
aright,1,1,2
spring,2,0,2
longer,2,0,2
happily,1,1,2
whos,2,0,2
held,1,1,2
multiplications,0,2,2
distressed,0,2,2
relief,0,2,2
halfe,2,0,2
selfesame,2,0,2
sharp,0,2,2
upons,2,0,2
root,2,0,2
pretty,2,0,2
lines,0,2,2
eaten,2,0,2
ancient,0,2,2
china,0,2,2
beware,2,0,2
thunders,1,1,2
oath,0,2,2
receiud,2,0,2
watch,2,0,2
wit,2,0,2
returned,0,2,2
knit,1,1,2
deserves,2,0,2
revenge,2,0,2
sooner,2,0,2
descriptions,0,2,2
prayses,2,0,2
wilt,2,0,2
shipping,0,2,2
chose,0,2,2
toot,2,0,2
policy,0,2,2
ages,0,2,2
rainbows,0,2,2
walke,2,0,2
net,1,1,2
gems,0,2,2
lastly,0,2,2
inhabitants,1,1,2
discomfort,2,0,2
steele,2,0,2
generation,0,2,2
drumme,2,0,2
wretched,2,0,2
season,2,0,2
crownd,2,0,2
sticking,2,0,2
weele,2,0,2
hecat,2,0,2
secrets,1,1,2
wants,2,0,2
invite,2,0,2
righteousness,0,2,2
remove,2,0,2
assuredly,0,2,2
troubles,2,0,2
unkle,2,0,2
cries,2,0,2
caldron,2,0,2
remote,0,2,2
souls,0,2,2
mortified,1,1,2
gunpowder,0,2,2
bent,1,1,2
officers,1,1,2
thanked,0,2,2
braines,2,0,2
cheekes,2,0,2
dares,2,0,2
message,2,0,2
youl,2,0,2
coward,2,0,2
esteeme,2,0,2
chargd,2,0,2
secrecy,0,2,2
cat,2,0,2
wonne,2,0,2
region,0,2,2
cloth,0,2,2
questions,0,2,2
fellowes,2,0,2
preparation,2,0,2
heath,2,0,2
caution,2,0,2
angell,2,0,2
harmes,2,0,2
admission,0,2,2
babe,2,0,2
knell,2,0,2
gvilt,2,0,2
dispaire,2,0,2
undone,2,0,2
foorth,2,0,2
robe,1,1,2
repose,2,0,2
humane,2,0,2
torch,2,0,2
deceive,1,1,2
milke,2,0,2
generations,0,2,2
greet,2,0,2
farewell,2,0,2
content,2,0,2
stone,1,1,2
turned,0,2,2
setting,2,0,2
sister,2,0,2
ignorant,1,1,2
miracles,0,2,2
serve,2,0,2
march,2,0,2
purge,2,0,2
consent,1,1,2
cursed,2,0,2
stroakes,2,0,2
mercifull,2,0,2
summons,2,0,2
apostle,0,2,2
males,1,1,2
markd,2,0,2
thirty,1,1,2
sleepy,2,0,2
sheweth,0,2,2
charmed,2,0,2
settled,1,1,2
presently,1,1,2
appetites,0,2,2
mock,2,0,2
ordnance,0,2,2
rain,0,2,2
holily,2,0,2
moone,2,0,2
highly,2,0,2
clock,2,0,2
hail,0,2,2
revolt,2,0,2
creatures,0,2,2
account,1,1,2
girt,0,2,2
banners,2,0,2
merchandise,0,2,2
conduct,1,1,2
continve,2,0,2
strangely,2,0,2
farther,1,1,2
quickly,2,0,2
disgrace,2,0,2
effects,1,1,2
schoole,2,0,2
hat,1,1,2
murtherer,2,0,2
pull,2,0,2
nere,2,0,2
returne,2,0,2
deere,2,0,2
relate,2,0,2
walking,2,0,2
ingredience,2,0,2
poysond,2,0,2
scorn,2,0,2
walkd,2,0,2
ift,2,0,2
norway,2,0,2
spurre,2,0,2
behind,0,2,2
teach,2,0,2
swords,2,0,2
twice,1,1,2
assisted,1,1,2
forgive,2,0,2
haunt,2,0,2
metal,0,2,2
rage,1,1,2
countenance,0,2,2
greeve,2,0,2
numbers,2,0,2
staff,0,2,2
pastoral,0,2,2
crosier,0,2,2
donalbane,2,0,2
shee,2,0,2
field,2,0,2
salvation,0,2,2
subiect,2,0,2
sences,2,0,2
greene,2,0,2
bought,2,0,2
soveraigne,2,0,2
strongly,2,0,2
doot,2,0,2
spanish,0,2,2
supt,2,0,2
earths,0,2,2
dispatch,2,0,2
askd,2,0,2
provide,2,0,2
visit,0,2,2
doore,2,0,2
serpent,2,0,2
othat,2,0,2
flower,2,0,2
vessels,1,1,2
neck,0,2,2
rebellious,2,0,2
slept,2,0,2
towers,0,2,2
six,0,2,2
pricke,2,0,2
drown,2,0,2
teares,2,0,2
satisfy,1,1,2
reverend,0,2,2
sprights,2,0,2
seat,2,0,2
gilt,0,2,2
laid,0,2,2
alone,1,1,2
cleere,2,0,2
raise,1,1,2
maine,2,0,2
lookes,2,0,2
cleare,2,0,2
pitty,2,0,2
appear,0,2,2
spot,2,0,2
wheels,0,2,2
sway,2,0,2
cherubin,1,1,2
able,0,2,2
self,0,2,2
fought,2,0,2
noise,2,0,2
illusions,0,2,2
folly,2,0,2
hurt,1,1,2
cumberland,2,0,2
chiefe,2,0,2
armor,2,0,2
prince,2,0,2
abound,1,1,2
fishes,0,2,2
nearest,1,1,2
kinsmen,2,0,2
fearful,0,2,2
needed,1,1,2
courtesans,0,2,2
dissolute,0,2,2
witches,2,0,2
leaves,2,0,2
severall,2,0,2
differing,0,2,2
sore,2,0,2
juice,0,2,2
shift,2,0,2
govern,2,0,2
toyle,2,0,2
consider,1,1,2
confirmd,2,0,2
tooke,2,0,2
starres,2,0,2
ordained,0,2,2
deeds,2,0,2
plants,0,2,2
poure,2,0,2
spent,2,0,2
concupiscence,0,2,2
unlawful,0,2,2
custome,2,0,2
patient,2,0,2
sooth,2,0,2
sleeping,2,0,2
avarice,2,0,2
cleane,2,0,2
provokes,2,0,2
lechery,2,0,2
urine,1,1,2
pause,0,2,2
cryes,2,0,2
weale,2,0,2
deeper,1,1,2
special,0,2,2
begun,2,0,2
lyon,2,0,2
fruits,0,2,2
key,2,0,2
push,2,0,2
appeared,0,2,2
wonderful,0,2,2
desirous,0,2,2
clothed,0,2,2
naturall,2,0,2
store,0,2,2
grapes,0,2,2
finding,1,1,2
owd,2,0,2
ark,0,2,2
fy,2,0,2
affection,1,1,2
shed,1,1,2
painted,2,0,2
satin,0,2,2
chastity,0,2,2
twere,2,0,2
minister,2,0,2
firme,2,0,2
reported,1,1,2
lodgd,2,0,2
kinsman,2,0,2
pills,0,2,2
brest,2,0,2
kept,0,2,2
faithful,0,2,2
force,1,1,2
spacious,1,1,2
fare,2,0,2
prosper,0,2,2
afraid,2,0,2
awakd,2,0,2
attempt,2,0,2
brave,2,0,2
herald,0,2,2
became,2,0,2
baths,0,2,2
convey,1,1,2
blown,2,0,2
greatly,0,2,2
soldiers,2,0,2
fatall,2,0,2
sought,1,1,2
disorder,1,1,2
souldiers,2,0,2
birnane,2,0,2
bell,2,0,2
untimely,2,0,2
tyranny,2,0,2
glass,0,2,2
testify,0,2,2
dinner,0,2,2
chambers,1,1,2
misse,2,0,2
demonstrate,0,2,2
mee,2,0,2
yellow,1,1,2
cannons,1,1,2
usd,2,0,2
wake,2,0,2
engines,0,2,2
ioyfull,2,0,2
foolish,1,1,2
stirring,2,0,2
sorry,2,0,2
dried,0,2,2
diseases,0,2,2
doubtfull,2,0,2
timely,2,0,2
liberal,0,2,2
tiger,2,0,2
bee,2,0,2
protest,2,0,2
flies,0,2,2
scarce,0,2,2
stranger,0,1,1
mysterymen,0,1,1
calling,1,0,1
cane,0,1,1
exild,1,0,1
collegiate,0,1,1
treat,0,1,1
viands,0,1,1
planted,1,0,1
karan,0,1,1
served,0,1,1
watchfull,1,0,1
infirmary,0,1,1
removed,0,1,1
wholesome,0,1,1
spare,0,1,1
pistolets,0,1,1
ministers,1,0,1
aforehand,0,1,1
cell,0,1,1
four,0,1,1
butcher,1,0,1
believe,0,1,1
admiration,0,1,1
earles,1,0,1
arrived,0,1,1
samples,0,1,1
parlour,0,1,1
drawing,0,1,1
galleries,0,1,1
thirtyseven,0,1,1
waxed,0,1,1
induce,0,1,1
henceforth,1,0,1
defray,0,1,1
newly,1,0,1
snares,1,0,1
revenue,0,1,1
diet,0,1,1
miraculous,0,1,1
disguise,0,1,1
lifting,0,1,1
reckon,1,0,1
weeks,0,1,1
fiendlike,1,0,1
soon,0,1,1
banish,0,1,1
conservator,0,1,1
follow,0,1,1
straightways,0,1,1
gray,0,1,1
foreign,0,1,1
attendance,0,1,1
higher,0,1,1
weal,0,1,1
box,0,1,1
direct,0,1,1
practices,0,1,1
employments,0,1,1
behave,0,1,1
guide,0,1,1
vocation,0,1,1
assured,0,1,1
conceal,0,1,1
abstracts,0,1,1
severely,0,1,1
hour,0,1,1
quiet,0,1,1
collect,0,1,1
lamps,0,1,1
goods,0,1,1
assembled,0,1,1
removing,0,1,1
singular,0,1,1
carriage,0,1,1
honour,0,1,1
recovery,0,1,1
infectious,0,1,1
penetrating,0,1,1
merchants,0,1,1
hasten,0,1,1
wished,0,1,1
prevented,0,1,1
whitish,0,1,1
christian,0,1,1
strangeness,0,1,1
affectation,0,1,1
chiefly,0,1,1
refreshing,0,1,1
lawfully,0,1,1
pain,0,1,1
pleasing,0,1,1
pirates,0,1,1
fruit,0,1,1
rites,0,1,1
precise,0,1,1
neat,0,1,1
partitions,0,1,1
compilers,0,1,1
cider,0,1,1
clear,0,1,1
ale,0,1,1
grain,0,1,1
grape,0,1,1
obtain,0,1,1
ordinances,0,1,1
interpreters,0,1,1
meetings,0,1,1
dorture,0,1,1
fines,0,1,1
collections,0,1,1
oranges,0,1,1
unwilling,0,1,1
ignominy,0,1,1
aboard,0,1,1
scarlet,0,1,1
license,0,1,1
unlawfully,0,1,1
showed,0,1,1
along,0,1,1
occasions,0,1,1
labours,0,1,1
discoveries,0,1,1
consults,0,1,1
aphorisms,0,1,1
smiled,0,1,1
err,0,1,1
expence,1,0,1
linnen,1,0,1
consequences,1,0,1
pronouncd,1,0,1
epicures,1,0,1
sagge,1,0,1
geese,1,0,1
overred,1,0,1
lillyliverd,1,0,1
patch,1,0,1
counsailers,1,0,1
divinations,0,1,1
whayface,1,0,1
hencewhen,1,0,1
profitable,0,1,1
diseate,1,0,1
faln,1,0,1
accompany,1,0,1
oldage,1,0,1
troopes,1,0,1
taint,1,0,1
reports,1,0,1
curses,1,0,1
giants,1,0,1
hurtful,0,1,1
belt,1,0,1
rule,1,0,1
minutely,1,0,1
revolts,1,0,1
upbraid,1,0,1
faithbreach,1,0,1
commands,1,0,1
dwarfish,1,0,1
birnan,1,0,1
theefe,1,0,1
pesterd,1,0,1
swarmsof,0,1,1
plagues,0,1,1
condemne,1,0,1
medcine,1,0,1
dew,1,0,1
weeds,1,0,1
steed,1,0,1
lowd,1,0,1
buckle,1,0,1
cyme,1,0,1
dogs,1,0,1
armour,1,0,1
staffe,1,0,1
couldst,1,0,1
pristine,1,0,1
eccho,1,0,1
pullt,1,0,1
rubarb,1,0,1
purgative,1,0,1
therein,1,0,1
drugge,1,0,1
scowre,1,0,1
hearst,1,0,1
bane,1,0,1
profit,1,0,1
hardly,1,0,1
cosins,1,0,1
hew,1,0,1
physicke,1,0,1
weighes,1,0,1
mouthhonor,1,0,1
fancies,1,0,1
faine,1,0,1
deny,1,0,1
hackt,1,0,1
moe,1,0,1
skirre,1,0,1
talke,1,0,1
sicke,1,0,1
thickecomming,1,0,1
diseasd,1,0,1
perillous,1,0,1
plucke,1,0,1
rooted,1,0,1
raze,1,0,1
written,1,0,1
oblivious,1,0,1
antidote,1,0,1
cleanse,1,0,1
stufft,1,0,1
distemperd,1,0,1
fortifies,1,0,1
beart,1,0,1
taper,1,0,1
slumbry,1,0,1
agitation,1,0,1
year,0,1,1
actvall,1,0,1
performances,1,0,1
temperature,0,1,1
witnesse,1,0,1
confirme,1,0,1
continvally,1,0,1
benefit,1,0,1
sense,1,0,1
rubbes,1,0,1
accustomd,1,0,1
action,1,0,1
washing,1,0,1
quarter,1,0,1
heark,1,0,1
speaks,1,0,1
watching,1,0,1
receyve,1,0,1
murky,1,0,1
uppon,1,0,1
length,1,0,1
scape,1,0,1
ripe,1,0,1
shaking,1,0,1
powres,1,0,1
watchd,1,0,1
perceive,1,0,1
nightgown,1,0,1
thereupon,0,1,1
perturbation,1,0,1
unlocke,1,0,1
closset,1,0,1
paper,1,0,1
folde,1,0,1
write,1,0,1
counsel,0,1,1
afterwards,1,0,1
seale,1,0,1
saythen,1,0,1
fye,1,0,1
youths,1,0,1
malcolm,1,0,1
deafe,1,0,1
tempests,0,1,1
discharge,1,0,1
needs,1,0,1
scarcity,0,1,1
physitian,1,0,1
annoyance,1,0,1
mated,1,0,1
revenges,1,0,1
whisprings,1,0,1
bleeding,1,0,1
grim,1,0,1
alarme,1,0,1
excite,1,0,1
brother,1,0,1
gentry,1,0,1
seywards,1,0,1
unruffe,1,0,1
earthquakes,0,1,1
directly,1,0,1
accompt,1,0,1
sorely,1,0,1
olde,1,0,1
marre,1,0,1
starting,1,0,1
smell,1,0,1
perfumes,1,0,1
arabia,1,0,1
sweeten,1,0,1
sigh,1,0,1
dignity,1,0,1
ons,1,0,1
beyond,1,0,1
comets,0,1,1
inundations,0,1,1
walkt,1,0,1
dyed,1,0,1
beds,1,0,1
nightgowne,1,0,1
buried,1,0,1
bough,1,0,1
thereby,1,0,1
alowd,1,0,1
tearmes,1,0,1
professes,1,0,1
roman,1,0,1
hellhound,1,0,1
turne,1,0,1
avoyded,1,0,1
sugars,0,1,1
bloodier,1,0,1
worm,0,1,1
loosest,1,0,1
rendred,1,0,1
intrenchant,1,0,1
keene,1,0,1
blade,1,0,1
vulnerable,1,0,1
crests,1,0,1
astronomy,0,1,1
serud,1,0,1
printing,0,1,1
bravely,1,0,1
gently,1,0,1
mothers,1,0,1
childrens,1,0,1
fearefull,1,0,1
lyest,1,0,1
abhorred,1,0,1
prove,1,0,1
weapons,1,0,1
brandishd,1,0,1
beest,1,0,1
stroake,1,0,1
ghosts,1,0,1
brvited,1,0,1
hyrd,1,0,1
staves,1,0,1
unbattered,1,0,1
sheath,1,0,1
undeeded,1,0,1
tradition,0,1,1
shouldst,1,0,1
clatter,1,0,1
monk,0,1,1
womb,1,0,1
hatefull,1,0,1
fairer,1,0,1
missing,1,0,1
debt,1,0,1
prowess,1,0,1
unshrinking,1,0,1
measurd,1,0,1
hurts,1,0,1
soldier,1,0,1
haires,1,0,1
knolld,1,0,1
arriud,1,0,1
parted,1,0,1
score,1,0,1
newer,1,0,1
usurpers,1,0,1
compast,1,0,1
pearle,1,0,1
salutation,1,0,1
voyces,1,0,1
cheapely,1,0,1
shield,1,0,1
ript,1,0,1
columbus,0,1,1
tels,1,0,1
cowd,1,0,1
jugling,1,0,1
fiends,1,0,1
indies,0,1,1
beleeud,1,0,1
palter,1,0,1
sence,1,0,1
gaze,1,0,1
try,1,0,1
rarer,1,0,1
monsters,1,0,1
pole,1,0,1
underwrit,1,0,1
malcolmes,1,0,1
baited,1,0,1
rabbles,1,0,1
opposd,1,0,1
understanding,0,1,1
hoter,1,0,1
hoast,1,0,1
forgot,1,0,1
outward,1,0,1
siedge,1,0,1
agve,1,0,1
forcd,1,0,1
darefull,1,0,1
woods,0,1,1
backward,1,0,1
touchstone,0,1,1
brass,0,1,1
arbitrate,1,0,1
honourable,0,1,1
coold,1,0,1
nightshrieke,1,0,1
treatise,1,0,1
rowze,1,0,1
int,1,0,1
horrors,1,0,1
direness,1,0,1
advance,1,0,1
iron,0,1,1
slaughterous,1,0,1
censures,1,0,1
discovery,1,0,1
erre,1,0,1
confident,1,0,1
indure,1,0,1
befort,1,0,1
advantage,1,0,1
constrained,1,0,1
absent,1,0,1
event,1,0,1
unsure,1,0,1
cities,0,1,1
visits,0,1,1
industrious,1,0,1
souldiership,1,0,1
approaches,1,0,1
circuits,0,1,1
decision,1,0,1
speculative,1,0,1
familiar,1,0,1
heereafter,1,0,1
callst,1,0,1
skreenes,1,0,1
appeare,1,0,1
tarrying,1,0,1
ginn,1,0,1
aweary,1,0,1
undon,1,0,1
alarum,1,0,1
harness,1,0,1
leavy,1,0,1
leade,1,0,1
equivocation,1,0,1
battell,1,0,1
trumpets,1,0,1
clamorous,1,0,1
harbingers,1,0,1
tied,1,0,1
stake,1,0,1
bearelike,1,0,1
thoult,1,0,1
avouches,1,0,1
resolution,1,0,1
creepes,1,0,1
value,0,1,1
petty,1,0,1
pace,1,0,1
recorded,1,0,1
yesterdayes,1,0,1
fooles,1,0,1
dusty,1,0,1
breefe,1,0,1
erect,0,1,1
candle,1,0,1
grove,1,0,1
player,1,0,1
struts,1,0,1
ideot,1,0,1
signifying,1,0,1
lyar,1,0,1
endure,1,0,1
wrath,1,0,1
moving,1,0,1
especial,0,1,1
tumult,0,1,1
express,0,1,1
prime,0,1,1
door,0,1,1
carved,0,1,1
leaded,0,1,1
difference,0,1,1
decocted,0,1,1
sex,0,1,1
always,0,1,1
lower,0,1,1
taratan,0,1,1
lads,0,1,1
carrieth,0,1,1
scroll,0,1,1
parchment,0,1,1
manna,0,1,1
cluster,0,1,1
stalk,0,1,1
mantles,0,1,1
seawater,0,1,1
heralds,0,1,1
privy,0,1,1
loft,0,1,1
traverse,0,1,1
broiding,0,1,1
oval,0,1,1
fleshes,0,1,1
whiter,0,1,1
asp,0,1,1
herbs,0,1,1
winter,0,1,1
curiously,0,1,1
colors,0,1,1
binding,0,1,1
following,0,1,1
brewed,0,1,1
canes,0,1,1
veiled,0,1,1
pulp,0,1,1
woundings,0,1,1
sprig,0,1,1
tears,0,1,1
females,0,1,1
sugar,0,1,1
mantle,0,1,1
streamed,0,1,1
agreeable,0,1,1
recounting,0,1,1
anything,0,1,1
trials,0,1,1
detestation,0,1,1
permit,0,1,1
pools,0,1,1
seeds,0,1,1
spar,0,1,1
vital,0,1,1
stews,0,1,1
corrupt,0,1,1
expulsed,0,1,1
libertine,0,1,1
sinewes,0,1,1
confirming,0,1,1
impure,0,1,1
arefaction,0,1,1
yoked,0,1,1
brewhouses,0,1,1
beautiful,0,1,1
institution,0,1,1
wines,0,1,1
honey,0,1,1
experience,0,1,1
families,0,1,1
partakers,0,1,1
flourish,0,1,1
extraordinary,0,1,1
pollution,0,1,1
foulness,0,1,1
virgin,0,1,1
bakehouses,0,1,1
european,0,1,1
hermit,0,1,1
fornication,0,1,1
foul,0,1,1
ugly,0,1,1
aethiop,0,1,1
kitchens,0,1,1
likeness,0,1,1
carpet,0,1,1
whitemeats,0,1,1
effect,0,1,1
joyfully,0,1,1
ado,0,1,1
refrained,0,1,1
agree,0,1,1
nourish,0,1,1
extremely,0,1,1
utter,0,1,1
perdition,0,1,1
lived,0,1,1
adjacent,0,1,1
corrupting,0,1,1
tedder,0,1,1
seasonings,0,1,1
obtaining,0,1,1
acquaintance,0,1,1
leavenings,0,1,1
meanest,0,1,1
quality,0,1,1
freedom,0,1,1
look,0,1,1
skirt,0,1,1
dear,0,1,1
color,0,1,1
buying,0,1,1
rewarding,0,1,1
sort,0,1,1
chylus,0,1,1
stomach,0,1,1
mariners,0,1,1
contained,0,1,1
shore,0,1,1
rendezvous,0,1,1
weak,0,1,1
missions,0,1,1
circumstances,0,1,1
practique,0,1,1
jewels,0,1,1
commodity,0,1,1
creature,0,1,1
growth,0,1,1
kiss,0,1,1
fish,0,1,1
continually,0,1,1
strive,0,1,1
marriages,0,1,1
fretting,0,1,1
competent,0,1,1
sharpness,0,1,1
subject,0,1,1
biting,0,1,1
reproved,0,1,1
censured,0,1,1
insinuate,0,1,1
advices,0,1,1
decayed,0,1,1
assisteth,0,1,1
public,0,1,1
authority,0,1,1
decrees,0,1,1
disobeyed,0,1,1
seldom,0,1,1
needeth,0,1,1
vine,0,1,1
palm,0,1,1
appeased,0,1,1
observation,0,1,1
liketh,0,1,1
mirror,0,1,1
kernels,0,1,1
andmany,0,1,1
shewing,0,1,1
granted,0,1,1
cost,0,1,1
nourishing,0,1,1
taketh,0,1,1
fashion,0,1,1
suits,0,1,1
sexes,0,1,1
summoned,0,1,1
ripen,0,1,1
mouth,0,1,1
consultation,0,1,1
concerning,0,1,1
mild,0,1,1
discord,0,1,1
restoring,0,1,1
bargain,0,1,1
sensibly,0,1,1
frogs,0,1,1
chineses,0,1,1
shoulders,0,1,1
cements,0,1,1
helmet,0,1,1
montera,0,1,1
locks,0,1,1
curled,0,1,1
decently,0,1,1
brown,0,1,1
hair,0,1,1
litterwise,0,1,1
burials,0,1,1
richly,0,1,1
trapped,0,1,1
effecting,0,1,1
embroidered,0,1,1
footmen,0,1,1
empire,0,1,1
bounds,0,1,1
peachcoloured,0,1,1
porcellain,0,1,1
gloves,0,1,1
pitied,0,1,1
joyful,0,1,1
glad,0,1,1
news,0,1,1
entry,0,1,1
accounting,0,1,1
stature,0,1,1
comely,0,1,1
aspect,0,1,1
wide,0,1,1
composts,0,1,1
sleeves,0,1,1
tower,0,1,1
cape,0,1,1
garment,0,1,1
height,0,1,1
half,0,1,1
girdle,0,1,1
sindon,0,1,1
attire,0,1,1
enlarging,0,1,1
foundation,0,1,1
hatbands,0,1,1
street,0,1,1
silence,0,1,1
finer,0,1,1
leg,0,1,1
stockings,0,1,1
hats,0,1,1
plumes,0,1,1
persian,0,1,1
bareheaded,0,1,1
army,0,1,1
sheephook,0,1,1
carpets,0,1,1
plush,0,1,1
cushions,0,1,1
balmwood,0,1,1
sat,0,1,1
companies,0,1,1
horsemen,0,1,1
wonderfully,0,1,1
mid,0,1,1
tongue,0,1,1
radiant,0,1,1
caused,0,1,1
pages,0,1,1
crystal,0,1,1
foreend,0,1,1
panels,0,1,1
sapphires,0,1,1
hinderend,0,1,1
emeralds,0,1,1
cherub,0,1,1
coats,0,1,1
wings,0,1,1
displayed,0,1,1
covered,0,1,1
crowded,0,1,1
windows,0,1,1
tissued,0,1,1
attendants,0,1,1
battlearray,0,1,1
whereupon,0,1,1
huke,0,1,1
mulct,0,1,1
change,0,1,1
affront,0,1,1
haunting,0,1,1
resort,0,1,1
sometimes,0,1,1
punished,0,1,1
married,0,1,1
bachelors,0,1,1
depraved,0,1,1
hermits,0,1,1
instruct,0,1,1
meretricious,0,1,1
embracements,0,1,1
sin,0,1,1
maketh,0,1,1
imposition,0,1,1
tax,0,1,1
defend,0,1,1
advoutries,0,1,1
necessity,0,1,1
observe,0,1,1
deflowering,0,1,1
tincted,0,1,1
lightnings,0,1,1
alliance,0,1,1
rains,0,1,1
portion,0,1,1
reputation,0,1,1
indifferent,0,1,1
issue,0,1,1
nuptial,0,1,1
union,0,1,1
wells,0,1,1
basely,0,1,1
sources,0,1,1
case,0,1,1
amended,0,1,1
imitation,0,1,1
ought,0,1,1
fountains,0,1,1
tolerated,0,1,1
dwellings,0,1,1
virgins,0,1,1
void,0,1,1
insolation,0,1,1
chiefest,0,1,1
bridle,0,1,1
widow,0,1,1
sarepta,0,1,1
elias,0,1,1
refrigeration,0,1,1
sins,0,1,1
confess,0,1,1
allow,0,1,1
conservation,0,1,1
polygamy,0,1,1
situations,0,1,1
intermarry,0,1,1
contract,0,1,1
month,0,1,1
interview,0,1,1
heights,0,1,1
parents,0,1,1
religion,0,1,1
unchaste,0,1,1
unnatural,0,1,1
flames,0,1,1
preposterous,0,1,1
fiery,0,1,1
wisdom,0,1,1
lots,0,1,1
guests,0,1,1
abusing,0,1,1
gained,0,1,1
furnace,0,1,1
quench,0,1,1
whosoever,0,1,1
anyvent,0,1,1
winds,0,1,1
view,0,1,1
masculine,0,1,1
inviolate,0,1,1
friendships,0,1,1
generally,0,1,1
usual,0,1,1
enable,0,1,1
quantity,0,1,1
offers,0,1,1
egyptian,0,1,1
merrily,0,1,1
remembered,0,1,1
notes,0,1,1
reserve,0,1,1
voices,0,1,1
lawful,0,1,1
reveal,0,1,1
satisfaction,0,1,1
frequented,0,1,1
entire,0,1,1
original,0,1,1
warblings,0,1,1
sailors,0,1,1
tremblings,0,1,1
persians,0,1,1
chaldeans,0,1,1
extenuate,0,1,1
arabians,0,1,1
fame,0,1,1
humbleness,0,1,1
ear,0,1,1
rejected,0,1,1
lest,0,1,1
passed,0,1,1
immediately,0,1,1
trunks,0,1,1
rendering,0,1,1
excused,0,1,1
bowed,0,1,1
shriller,0,1,1
louder,0,1,1
presume,0,1,1
beseeching,0,1,1
encouraged,0,1,1
tossing,0,1,1
vowed,0,1,1
reflecting,0,1,1
professed,0,1,1
echoes,0,1,1
hardiness,0,1,1
propound,0,1,1
resorted,0,1,1
stirps,0,1,1
tribes,0,1,1
soundhouses,0,1,1
climb,0,1,1
scala,0,1,1
quartersounds,0,1,1
harmonies,0,1,1
coeli,0,1,1
poetical,0,1,1
fabulous,0,1,1
atlantis,0,1,1
beams,0,1,1
site,0,1,1
mexico,0,1,1
kingdoms,0,1,1
visual,0,1,1
refractions,0,1,1
reflexions,0,1,1
riches,0,1,1
expeditions,0,1,1
south,0,1,1
ascent,0,1,1
environed,0,1,1
deep,0,1,1
oriental,0,1,1
straits,0,1,1
rings,0,1,1
pillars,0,1,1
hercules,0,1,1
paguin,0,1,1
bells,0,1,1
cambaline,0,1,1
quinzy,0,1,1
sweeter,0,1,1
chains,0,1,1
tartary,0,1,1
magnificent,0,1,1
palace,0,1,1
manifold,0,1,1
slides,0,1,1
streams,0,1,1
navigable,0,1,1
rivers,0,1,1
paused,0,1,1
goodwill,0,1,1
pipes,0,1,1
situation,0,1,1
daily,0,1,1
prevent,0,1,1
comforts,0,1,1
expected,0,1,1
equality,0,1,1
various,0,1,1
serpents,0,1,1
solitary,0,1,1
perpetual,0,1,1
brotherly,0,1,1
clocks,0,1,1
travellers,0,1,1
supporters,0,1,1
swimminggirdles,0,1,1
brooking,0,1,1
habitable,0,1,1
knoweth,0,1,1
fittest,0,1,1
fineness,0,1,1
priests,0,1,1
conceived,0,1,1
impossible,0,1,1
surely,0,1,1
picture,0,1,1
jaws,0,1,1
fallacies,0,1,1
consolations,0,1,1
commandment,0,1,1
fail,0,1,1
obey,0,1,1
enflamed,0,1,1
looked,0,1,1
tread,0,1,1
apparitions,0,1,1
tongues,0,1,1
juggling,0,1,1
roofs,0,1,1
mouths,0,1,1
feats,0,1,1
subtilty,0,1,1
entertainment,0,1,1
boats,0,1,1
floods,0,1,1
interpretation,0,1,1
miracle,0,1,1
forasmuch,0,1,1
workest,0,1,1
muskets,0,1,1
exceedest,0,1,1
swifter,0,1,1
beseech,0,1,1
sign,0,1,1
secretly,0,1,1
acknowledge,0,1,1
sending,0,1,1
bartholomew,0,1,1
enginehouses,0,1,1
christ,0,1,1
angel,0,1,1
appeareth,0,1,1
vision,0,1,1
commit,0,1,1
engine,0,1,1
multiply,0,1,1
worldly,0,1,1
compositions,0,1,1
fireworks,0,1,1
unquenchable,0,1,1
burning,0,1,1
wildfires,0,1,1
divided,0,1,1
vast,0,1,1
walked,0,1,1
converted,0,1,1
asking,0,1,1
stronger,0,1,1
war,0,1,1
seek,0,1,1
briefly,0,1,1
vouchsafed,0,1,1
creation,0,1,1
appertaineth,0,1,1
basilisks,0,1,1
exceeding,0,1,1
author,0,1,1
cited,0,1,1
tough,0,1,1
athenians,0,1,1
prohibitions,0,1,1
calamity,0,1,1
frequent,0,1,1
doubting,0,1,1
novelties,0,1,1
commixture,0,1,1
manners,0,1,1
continued,0,1,1
temper,0,1,1
preserved,0,1,1
provision,0,1,1
tasted,0,1,1
desiring,0,1,1
join,0,1,1
thinking,0,1,1
detain,0,1,1
prisms,0,1,1
wills,0,1,1
discover,0,1,1
interdicts,0,1,1
fundamental,0,1,1
established,0,1,1
recalling,0,1,1
thereof,0,1,1
magnitudes,0,1,1
figures,0,1,1
plentifully,0,1,1
fishing,0,1,1
transportations,0,1,1
sailing,0,1,1
islands,0,1,1
flourishing,0,1,1
perpetuity,0,1,1
delusions,0,1,1
ways,0,1,1
altered,0,1,1
heroical,0,1,1
intentions,0,1,1
foresight,0,1,1
colourations,0,1,1
reach,0,1,1
permitted,0,1,1
prohibition,0,1,1
thirteen,0,1,1
errand,0,1,1
recited,0,1,1
digress,0,1,1
pertinent,0,1,1
nevertheless,0,1,1
ordinance,0,1,1
shops,0,1,1
dies,0,1,1
salomons,0,1,1
affairs,0,1,1
avoiding,0,1,1
lustre,0,1,1
tissues,0,1,1
manufactures,0,1,1
papers,0,1,1
stuffs,0,1,1
landed,0,1,1
fraught,0,1,1
victuals,0,1,1
throughout,0,1,1
communicating,0,1,1
transparent,0,1,1
chinese,0,1,1
bottoms,0,1,1
whatsoever,0,1,1
uncoloured,0,1,1
dream,0,1,1
travelling,0,1,1
radiations,0,1,1
henna,0,1,1
restrain,0,1,1
lawn,0,1,1
flow,0,1,1
keeping,0,1,1
lights,0,1,1
pusillanimity,0,1,1
fear,0,1,1
restraint,0,1,1
perspectivehouses,0,1,1
exception,0,1,1
preserving,0,1,1
soil,0,1,1
fertility,0,1,1
circuit,0,1,1
flood,0,1,1
safety,0,1,1
marvel,0,1,1
population,0,1,1
worms,0,1,1
rudeness,0,1,1
ignorance,0,1,1
younger,0,1,1
universal,0,1,1
inundation,0,1,1
bear,0,1,1
remnant,0,1,1
shapes,0,1,1
seed,0,1,1
remained,0,1,1
peopled,0,1,1
slowly,0,1,1
simple,0,1,1
noah,0,1,1
dismissed,0,1,1
contenting,0,1,1
distinctly,0,1,1
handled,0,1,1
repulse,0,1,1
resistance,0,1,1
forces,0,1,1
circles,0,1,1
clemency,0,1,1
altabin,0,1,1
warrior,0,1,1
knowing,0,1,1
landforces,0,1,1
flaws,0,1,1
halos,0,1,1
entoiled,0,1,1
navy,0,1,1
tamp,0,1,1
compelled,0,1,1
render,0,1,1
striking,0,1,1
stroke,0,1,1
chief,0,1,1
perfectly,0,1,1
five,0,1,1
solamona,0,1,1
americans,0,1,1
commerce,0,1,1
reigned,0,1,1
nineteen,0,1,1
ago,0,1,1
adore,0,1,1
superstitiously,0,1,1
instrument,0,1,1
procure,0,1,1
feigned,0,1,1
inscrutable,0,1,1
wholly,0,1,1
consideration,0,1,1
sufficient,0,1,1
originally,0,1,1
shadows,0,1,1
substantive,0,1,1
foreigner,0,1,1
traffic,0,1,1
accident,0,1,1
civility,0,1,1
goats,0,1,1
mountainous,0,1,1
habitations,0,1,1
regions,0,1,1
clothe,0,1,1
spectacles,0,1,1
skins,0,1,1
bears,0,1,1
hairy,0,1,1
valley,0,1,1
main,0,1,1
intolerable,0,1,1
heats,0,1,1
apparel,0,1,1
forced,0,1,1
continueth,0,1,1
ancestors,0,1,1
invited,0,1,1
grounds,0,1,1
bidden,0,1,1
gall,1,0,1
intermission,1,0,1
turning,1,0,1
cock,1,0,1
provoker,1,0,1
provoke,1,0,1
nosepainting,1,0,1
unprovokes,1,0,1
performance,1,0,1
equivocator,1,0,1
marres,1,0,1
sets,1,0,1
perswades,1,0,1
disheartens,1,0,1
conclusion,1,0,1
equivocates,1,0,1
giving,1,0,1
ithe,1,0,1
requited,1,0,1
legges,1,0,1
slipt,1,0,1
physicks,1,0,1
paine,1,0,1
limitted,1,0,1
carowsing,1,0,1
porter,1,0,1
knowt,1,0,1
indeede,1,0,1
sleeve,1,0,1
labors,1,0,1
balme,1,0,1
nourisher,1,0,1
unbend,1,0,1
brainesickly,1,0,1
witness,1,0,1
smeare,1,0,1
infirme,1,0,1
pictures,1,0,1
childhood,1,0,1
gvild,1,0,1
appalls,1,0,1
hah,1,0,1
pluck,1,0,1
neptunes,1,0,1
ocean,1,0,1
multitudinous,1,0,1
incarnardine,1,0,1
red,1,0,1
heres,1,0,1
appoint,1,0,1
unruly,1,0,1
chimneys,1,0,1
lamentings,1,0,1
bvilding,1,0,1
approch,1,0,1
gorgon,1,0,1
hideous,1,0,1
trumpet,1,0,1
parley,1,0,1
sleepers,1,0,1
repetition,1,0,1
duff,1,0,1
contradict,1,0,1
dyd,1,0,1
blessed,1,0,1
instant,1,0,1
serious,1,0,1
mortality,1,0,1
toyes,1,0,1
renown,1,0,1
drawn,1,0,1
lees,1,0,1
vault,1,0,1
brag,1,0,1
stole,1,0,1
anoynted,1,0,1
lords,1,0,1
obscure,1,0,1
schreemes,1,0,1
prophecying,1,0,1
accents,1,0,1
dyre,1,0,1
combustion,1,0,1
confusd,1,0,1
events,1,0,1
hatchd,1,0,1
wofull,1,0,1
clamord,1,0,1
ope,1,0,1
livelong,1,0,1
fevorous,1,0,1
twas,1,0,1
rough,1,0,1
paralell,1,0,1
conceive,1,0,1
lenoxconfusion,1,0,1
masterpeece,1,0,1
sacrilegious,1,0,1
raveld,1,0,1
knits,1,0,1
voyce,1,0,1
feat,1,0,1
soundly,1,0,1
chamberlaines,1,0,1
wassell,1,0,1
convince,1,0,1
warder,1,0,1
fume,1,0,1
receit,1,0,1
lymbeck,1,0,1
swinish,1,0,1
drenched,1,0,1
ungvarded,1,0,1
spungy,1,0,1
quell,1,0,1
menchildren,1,0,1
undaunted,1,0,1
mettle,1,0,1
compose,1,0,1
griefes,1,0,1
clamor,1,0,1
rore,1,0,1
bend,1,0,1
iourney,1,0,1
whereto,1,0,1
asleepe,1,0,1
unmake,1,0,1
ornament,1,0,1
letting,1,0,1
wait,1,0,1
addage,1,0,1
beast,1,0,1
enterprize,1,0,1
durst,1,0,1
adhere,1,0,1
fitness,1,0,1
sucke,1,0,1
fayle,1,0,1
milkes,1,0,1
smyling,1,0,1
pluckt,1,0,1
nipple,1,0,1
boneless,1,0,1
gummes,1,0,1
dasht,1,0,1
sworne,1,0,1
screw,1,0,1
agent,1,0,1
fairest,1,0,1
stuck,1,0,1
taket,1,0,1
drunk,1,0,1
quenchd,1,0,1
shriekd,1,0,1
bellman,1,0,1
sternst,1,0,1
doores,1,0,1
surfeted,1,0,1
snores,1,0,1
druggd,1,0,1
possets,1,0,1
alack,1,0,1
confounds,1,0,1
layd,1,0,1
resembled,1,0,1
schreame,1,0,1
crickets,1,0,1
ins,1,0,1
addrest,1,0,1
hangmans,1,0,1
listning,1,0,1
deepely,1,0,1
mistress,1,0,1
counsaild,1,0,1
allegeance,1,0,1
greetes,1,0,1
later,1,0,1
husbandry,1,0,1
candles,1,0,1
lead,1,0,1
powers,1,0,1
restraine,1,0,1
unusvall,1,0,1
largess,1,0,1
diamond,1,0,1
measureless,1,0,1
franchisd,1,0,1
unprepard,1,0,1
defect,1,0,1
dreamt,1,0,1
entreat,1,0,1
graunt,1,0,1
kindst,1,0,1
lose,1,0,1
seeking,1,0,1
augment,1,0,1
amisse,1,0,1
fountaine,1,0,1
short,1,0,1
ioyntly,1,0,1
fleance,1,0,1
backs,1,0,1
considerd,1,0,1
probation,1,0,1
crost,1,0,1
notion,1,0,1
crazd,1,0,1
predominant,1,0,1
gospelld,1,0,1
bowd,1,0,1
beggerd,1,0,1
catalogve,1,0,1
hounds,1,0,1
greyhounds,1,0,1
mungrels,1,0,1
spaniels,1,0,1
curres,1,0,1
showghes,1,0,1
waterrugs,1,0,1
demywolves,1,0,1
clipt,1,0,1
hye,1,0,1
craving,1,0,1
source,1,0,1
therewithall,1,0,1
verities,1,0,1
oracles,1,0,1
hush,1,0,1
gap,1,0,1
allthing,1,0,1
unbecomming,1,0,1
solemn,1,0,1
indissoluble,1,0,1
tye,1,0,1
afternoone,1,0,1
desird,1,0,1
councell,1,0,1
twixt,1,0,1
borrower,1,0,1
twaine,1,0,1
cozens,1,0,1
bestowd,1,0,1
confessing,1,0,1
parricide,1,0,1
filling,1,0,1
hearers,1,0,1
dogges,1,0,1
valved,1,0,1
distingvishes,1,0,1
slow,1,0,1
sweepe,1,0,1
avouch,1,0,1
wayle,1,0,1
struck,1,0,1
assistance,1,0,1
masking,1,0,1
common,1,0,1
weighty,1,0,1
reasons,1,0,1
acquaint,1,0,1
spy,1,0,1
alwayes,1,0,1
cleareness,1,0,1
rubs,1,0,1
botches,1,0,1
materiall,1,0,1
embrace,1,0,1
resolve,1,0,1
apart,1,0,1
resolud,1,0,1
concluded,1,0,1
barefacd,1,0,1
neerst,1,0,1
thrusts,1,0,1
ranke,1,0,1
subtle,1,0,1
housekeeper,1,0,1
hunter,1,0,1
gift,1,0,1
bounteous,1,0,1
closd,1,0,1
bill,1,0,1
writes,1,0,1
alike,1,0,1
sayt,1,0,1
rid,1,0,1
grapples,1,0,1
vile,1,0,1
blowes,1,0,1
buffets,1,0,1
incensd,1,0,1
reckless,1,0,1
disasters,1,0,1
tuggd,1,0,1
mend,1,0,1
saide,1,0,1
fowly,1,0,1
playdst,1,0,1
shot,1,0,1
argument,1,0,1
augure,1,0,1
hole,1,0,1
rush,1,0,1
brewd,1,0,1
motion,1,0,1
frailties,1,0,1
exposure,1,0,1
piece,1,0,1
undivulgd,1,0,1
pretence,1,0,1
treasonous,1,0,1
briefely,1,0,1
readinesse,1,0,1
hall,1,0,1
contented,1,0,1
consort,1,0,1
unfelt,1,0,1
seperated,1,0,1
neerer,1,0,1
murtherous,1,0,1
clayme,1,0,1
refraine,1,0,1
gore,1,0,1
outrun,1,0,1
badgd,1,0,1
unwipd,1,0,1
stard,1,0,1
distracted,1,0,1
repent,1,0,1
temprate,1,0,1
furious,1,0,1
neutrall,1,0,1
expedition,1,0,1
pawser,1,0,1
breechd,1,0,1
skinn,1,0,1
lacd,1,0,1
gashd,1,0,1
stabs,1,0,1
breach,1,0,1
rvines,1,0,1
wastfull,1,0,1
steepd,1,0,1
unmannerly,1,0,1
shaft,1,0,1
safest,1,0,1
benyson,1,0,1
ayme,1,0,1
turnd,1,0,1
stalls,1,0,1
flong,1,0,1
contending,1,0,1
mankinde,1,0,1
amazement,1,0,1
pretend,1,0,1
subborned,1,0,1
stoln,1,0,1
puts,1,0,1
suspition,1,0,1
thriftless,1,0,1
raven,1,0,1
soveraignty,1,0,1
invested,1,0,1
colmekill,1,0,1
sacred,1,0,1
storehouse,1,0,1
predecessors,1,0,1
gvardian,1,0,1
easier,1,0,1
race,1,0,1
minions,1,0,1
beauteous,1,0,1
threatens,1,0,1
warrant,1,0,1
theft,1,0,1
steales,1,0,1
threescore,1,0,1
volume,1,0,1
trifled,1,0,1
knowings,1,0,1
ha,1,0,1
seest,1,0,1
byth,1,0,1
hawkt,1,0,1
strangles,1,0,1
travailing,1,0,1
lampe,1,0,1
predominance,1,0,1
intombe,1,0,1
tvesday,1,0,1
faulcon,1,0,1
towring,1,0,1
mowsing,1,0,1
esteemst,1,0,1
freely,1,0,1
wakes,1,0,1
sayle,1,0,1
tayle,1,0,1
thart,1,0,1
ports,1,0,1
quarters,1,0,1
shipmans,1,0,1
card,1,0,1
dreyne,1,0,1
dry,1,0,1
hay,1,0,1
penthouse,1,0,1
lid,1,0,1
seunights,1,0,1
dwindle,1,0,1
peake,1,0,1
barke,1,0,1
tempesttost,1,0,1
pilots,1,0,1
thumbe,1,0,1
wrackt,1,0,1
homeward,1,0,1
posters,1,0,1
rat,1,0,1
syve,1,0,1
drest,1,0,1
aleppo,1,0,1
craves,1,0,1
composition,1,0,1
deigne,1,0,1
buriall,1,0,1
disbursed,1,0,1
saint,1,0,1
colmes,1,0,1
ynch,1,0,1
dollars,1,0,1
interest,1,0,1
killing,1,0,1
swine,1,0,1
saylors,1,0,1
chestnuts,1,0,1
lappe,1,0,1
quoth,1,0,1
aroynt,1,0,1
witch,1,0,1
rumpefed,1,0,1
ronyon,1,0,1
husbands,1,0,1
wound,1,0,1
soris,1,0,1
witherd,1,0,1
attyre,1,0,1
insane,1,0,1
prisoner,1,0,1
tune,1,0,1
reades,1,0,1
personall,1,0,1
venture,1,0,1
rebels,1,0,1
wonders,1,0,1
silencd,1,0,1
viewing,1,0,1
stout,1,0,1
rankes,1,0,1
afeard,1,0,1
thick,1,0,1
powrd,1,0,1
harrold,1,0,1
dress,1,0,1
borrowed,1,0,1
combind,1,0,1
lyne,1,0,1
hidden,1,0,1
stayd,1,0,1
melted,1,0,1
bubbles,1,0,1
seedes,1,0,1
aught,1,0,1
choppy,1,0,1
laying,1,0,1
skinny,1,0,1
beards,1,0,1
interprete,1,0,1
outwardly,1,0,1
prediction,1,0,1
wrapt,1,0,1
graine,1,0,1
greeting,1,0,1
favors,1,0,1
happyer,1,0,1
imperfect,1,0,1
speakers,1,0,1
sinells,1,0,1
prospect,1,0,1
intelligence,1,0,1
blasted,1,0,1
prophetique,1,0,1
norwayes,1,0,1
sweno,1,0,1
happinesse,1,0,1
stormes,1,0,1
supplyd,1,0,1
smiling,1,0,1
rebells,1,0,1
disdayning,1,0,1
brandisht,1,0,1
smoakd,1,0,1
valours,1,0,1
minion,1,0,1
carud,1,0,1
passage,1,0,1
facd,1,0,1
neur,1,0,1
shooke,1,0,1
unseamd,1,0,1
nave,1,0,1
chops,1,0,1
fixd,1,0,1
battlements,1,0,1
cousin,1,0,1
gins,1,0,1
reflection,1,0,1
gallowgrosses,1,0,1
isles,1,0,1
western,1,0,1
plight,1,0,1
lightning,1,0,1
raine,1,0,1
hurleyburleys,1,0,1
battailes,1,0,1
sunne,1,0,1
graymalkin,1,0,1
padock,1,0,1
hover,1,0,1
fogge,1,0,1
serieant,1,0,1
swarme,1,0,1
hardy,1,0,1
captivity,1,0,1
broyle,1,0,1
swimmers,1,0,1
choake,1,0,1
merciless,1,0,1
macdonwald,1,0,1
multiplying,1,0,1
villanies,1,0,1
shipwracking,1,0,1
direfull,1,0,1
victory,1,0,1
swells,1,0,1
faint,1,0,1
smack,1,0,1
surgeons,1,0,1
haste,1,0,1
camst,1,0,1
fiffe,1,0,1
flowt,1,0,1
sky,1,0,1
fann,1,0,1
disloyall,1,0,1
traytor,1,0,1
conflict,1,0,1
bellonas,1,0,1
bridegroome,1,0,1
lapt,1,0,1
proofe,1,0,1
confronted,1,0,1
selfecomparisons,1,0,1
curbing,1,0,1
lavish,1,0,1
conclude,1,0,1
golgotha,1,0,1
memorize,1,0,1
reeking,1,0,1
banquoh,1,0,1
compelld,1,0,1
skipping,1,0,1
surveying,1,0,1
furbusht,1,0,1
supplyes,1,0,1
fresh,1,0,1
assault,1,0,1
dismayd,1,0,1
captaines,1,0,1
sparrowes,1,0,1
bathe,1,0,1
eagles,1,0,1
hare,1,0,1
overchargd,1,0,1
cracks,1,0,1
doubly,1,0,1
redoubled,1,0,1
foe,1,0,1
except,1,0,1
meant,1,0,1
labourd,1,0,1
countreyes,1,0,1
capitall,1,0,1
ermites,1,0,1
approve,1,0,1
loved,1,0,1
mansonry,1,0,1
smells,1,0,1
wooingly,1,0,1
jutty,1,0,1
frieze,1,0,1
buttrice,1,0,1
coigne,1,0,1
pendant,1,0,1
procreant,1,0,1
cradle,1,0,1
obserud,1,0,1
delicate,1,0,1
honord,1,0,1
followes,1,0,1
herein,1,0,1
godeyld,1,0,1
wherewith,1,0,1
loades,1,0,1
dignities,1,0,1
barlet,1,0,1
templehaunting,1,0,1
summer,1,0,1
matters,1,0,1
thourt,1,0,1
wert,1,0,1
informd,1,0,1
speed,1,0,1
scarcely,1,0,1
tending,1,0,1
brings,1,0,1
purposes,1,0,1
booke,1,0,1
begvile,1,0,1
recommends,1,0,1
undert,1,0,1
provided,1,0,1
solely,1,0,1
masterdome,1,0,1
alter,1,0,1
favor,1,0,1
pleasant,1,0,1
nimbly,1,0,1
sweetly,1,0,1
heapd,1,0,1
wheres,1,0,1
metaphysicall,1,0,1
courst,1,0,1
vertves,1,0,1
pleade,1,0,1
trumpettongud,1,0,1
damnation,1,0,1
newbornebabe,1,0,1
striding,1,0,1
blast,1,0,1
horsd,1,0,1
sightless,1,0,1
curriors,1,0,1
intent,1,0,1
vaulting,1,0,1
oreleapes,1,0,1
falles,1,0,1
proceed,1,0,1
honourd,1,0,1
opinions,1,0,1
worn,1,0,1
glosse,1,0,1
aside,1,0,1
drunke,1,0,1
meeke,1,0,1
faculties,1,0,1
knife,1,0,1
surcease,1,0,1
purveyor,1,0,1
rides,1,0,1
sharpe,1,0,1
holp,1,0,1
compt,1,0,1
audit,1,0,1
twer,1,0,1
assassination,1,0,1
trammell,1,0,1
banke,1,0,1
challice,1,0,1
weeld,1,0,1
jumpe,1,0,1
cases,1,0,1
instructions,1,0,1
taught,1,0,1
plagve,1,0,1
inventer,1,0,1
evenhanded,1,0,1
commends,1,0,1
ayde,1,0,1
impeides,1,0,1
overthrown,1,0,1
payes,1,0,1
surmise,1,0,1
partners,1,0,1
mould,1,0,1
runs,1,0,1
roughest,1,0,1
favour,1,0,1
registred,1,0,1
chancd,1,0,1
interim,1,0,1
commission,1,0,1
returnd,1,0,1
dy,1,0,1
frankly,1,0,1
implord,1,0,1
repentance,1,0,1
leaving,1,0,1
studied,1,0,1
careless,1,0,1
trifle,1,0,1
construction,1,0,1
bvilt,1,0,1
smotherd,1,0,1
function,1,0,1
shakes,1,0,1
theame,1,0,1
behinde,1,0,1
enkindle,1,0,1
crowne,1,0,1
oftentimes,1,0,1
trifles,1,0,1
betrays,1,0,1
deepest,1,0,1
cousins,1,0,1
prologves,1,0,1
supernaturall,1,0,1
imaginings,1,0,1
solliciting,1,0,1
successe,1,0,1
commencing,1,0,1
suggestion,1,0,1
image,1,0,1
heire,1,0,1
seated,1,0,1
knock,1,0,1
ribbes,1,0,1
loyalty,1,0,1
growing,1,0,1
chastise,1,0,1
deserud,1,0,1
fed,1,0,1
banquet,1,0,1
peereless,1,0,1
learnd,1,0,1
perfectst,1,0,1
burnt,1,0,1
missives,1,0,1
allhaild,1,0,1
saluted,1,0,1
referrd,1,0,1
deliver,1,0,1
mightst,1,0,1
dves,1,0,1
reioycing,1,0,1
kindnesse,1,0,1
neerest,1,0,1
illness,1,0,1
wrongly,1,0,1
winne,1,0,1
thouldst,1,0,1
wishest,1,0,1
commendations,1,0,1
winke,1,0,1
desires,1,0,1
unaccompanied,1,0,1
enfold,1,0,1
harvest,1,0,1
plenteous,1,0,1
ioyes,1,0,1
wanton,1,0,1
fulness,1,0,1
drops,1,0,1
establish,1,0,1
eldest,1,0,1
invest,1,0,1
fires,1,0,1
signes,1,0,1
nobleness,1,0,1
deservers,1,0,1
envernes,1,0,1
binde,1,0,1
labor,1,0,1
herbenger,1,0,1
step,1,0,1
oreleape,1,0,1
returnes,1,0,1
noughts,1,0,1
dwell,1,0,1
downfall,1,0,1
morne,1,0,1
widdowes,1,0,1
howle,1,0,1
orphans,1,0,1
sorowes,1,0,1
resounds,1,0,1
felt,1,0,1
yelld,1,0,1
dolour,1,0,1
waile,1,0,1
redresse,1,0,1
wil,1,0,1
sole,1,0,1
blisters,1,0,1
loud,1,0,1
touchd,1,0,1
appease,1,0,1
angry,1,0,1
treacherous,1,0,1
vertvous,1,0,1
transpose,1,0,1
birthdome,1,0,1
bestride,1,0,1
palehearted,1,0,1
empty,1,0,1
dame,1,0,1
neerely,1,0,1
homely,1,0,1
fright,1,0,1
thinkes,1,0,1
crvelty,1,0,1
ny,1,0,1
preserve,1,0,1
earthly,1,0,1
laudable,1,0,1
dangerous,1,0,1
womanly,1,0,1
unsanctified,1,0,1
lyst,1,0,1
shaggeeard,1,0,1
egge,1,0,1
fry,1,0,1
treachery,1,0,1
run,1,0,1
shade,1,0,1
sad,1,0,1
brightest,1,0,1
brows,1,0,1
rawness,1,0,1
motives,1,0,1
opend,1,0,1
compard,1,0,1
confineless,1,0,1
legions,1,0,1
grant,1,0,1
luxurious,1,0,1
avaricious,1,0,1
deceitfull,1,0,1
sodaine,1,0,1
malicious,1,0,1
smacking,1,0,1
sinne,1,0,1
bottome,1,0,1
voluptvousness,1,0,1
wives,1,0,1
matrons,1,0,1
maides,1,0,1
cestern,1,0,1
continent,1,0,1
impediments,1,0,1
orebeare,1,0,1
grafted,1,0,1
succeede,1,0,1
treade,1,0,1
thinkst,1,0,1
knots,1,0,1
iealousies,1,0,1
dishonors,1,0,1
safeties,1,0,1
rightly,1,0,1
tyrrany,1,0,1
basis,1,0,1
check,1,0,1
wrongs,1,0,1
graspe,1,0,1
thousands,1,0,1
boot,1,0,1
offended,1,0,1
beneath,1,0,1
yoake,1,0,1
weepes,1,0,1
bleeds,1,0,1
gash,1,0,1
added,1,0,1
uplifted,1,0,1
talkst,1,0,1
pratler,1,0,1
quickely,1,0,1
flighty,1,0,1
seaventh,1,0,1
eighth,1,0,1
appeares,1,0,1
glasse,1,0,1
shewes,1,0,1
twofold,1,0,1
balles,1,0,1
trebble,1,0,1
scepters,1,0,1
bloodbolterd,1,0,1
amazedly,1,0,1
delights,1,0,1
antique,1,0,1
kindly,1,0,1
pernitious,1,0,1
aye,1,0,1
kalender,1,0,1
whereon,1,0,1
gallopping,1,0,1
anticipatst,1,0,1
dread,1,0,1
doome,1,0,1
cracke,1,0,1
stretch,1,0,1
placd,1,0,1
metled,1,0,1
chafes,1,0,1
conspirers,1,0,1
vanquishd,1,0,1
untill,1,0,1
byrnam,1,0,1
dunsmane,1,0,1
earthbound,1,0,1
boadments,1,0,1
lease,1,0,1
fourth,1,0,1
throbs,1,0,1
kingdome,1,0,1
satisfiedand,1,0,1
eternall,1,0,1
shadowes,1,0,1
eyebals,1,0,1
goldboundbrow,1,0,1
third,1,0,1
hagges,1,0,1
exploits,1,0,1
oretooke,1,0,1
signe,1,0,1
unless,1,0,1
cosine,1,0,1
fatherd,1,0,1
fatherlesse,1,0,1
sirra,1,0,1
wormes,1,0,1
flyes,1,0,1
thoudst,1,0,1
lime,1,0,1
pitfall,1,0,1
gin,1,0,1
bvy,1,0,1
market,1,0,1
sell,1,0,1
ifaith,1,0,1
sweares,1,0,1
liars,1,0,1
fools,1,0,1
lyars,1,0,1
enow,1,0,1
monky,1,0,1
yould,1,0,1
upward,1,0,1
climbe,1,0,1
cease,1,0,1
wisedom,1,0,1
acts,1,0,1
thoght,1,0,1
surprize,1,0,1
unfortunate,1,0,1
trace,1,0,1
boasting,1,0,1
madam,1,0,1
madness,1,0,1
actions,1,0,1
mansion,1,0,1
floate,1,0,1
wren,1,0,1
diminitive,1,0,1
nest,1,0,1
runnes,1,0,1
deerest,1,0,1
cooz,1,0,1
judicious,1,0,1
fits,1,0,1
rumor,1,0,1
oppose,1,0,1
boundless,1,0,1
intemperance,1,0,1
doffe,1,0,1
deadmans,1,0,1
scarse,1,0,1
expire,1,0,1
flowers,1,0,1
caps,1,0,1
dying,1,0,1
nice,1,0,1
hisse,1,0,1
speaker,1,0,1
teemes,1,0,1
batterd,1,0,1
niggard,1,0,1
gost,1,0,1
transport,1,0,1
tydings,1,0,1
heavily,1,0,1
ran,1,0,1
rumour,1,0,1
witnest,1,0,1
afoot,1,0,1
create,1,0,1
modern,1,0,1
rent,1,0,1
shrieks,1,0,1
benediction,1,0,1
ulcerous,1,0,1
surgery,1,0,1
cures,1,0,1
hanging,1,0,1
stampe,1,0,1
neckes,1,0,1
succeeding,1,0,1
royalty,1,0,1
healing,1,0,1
vertve,1,0,1
groanes,1,0,1
heavenly,1,0,1
gvift,1,0,1
prophesy,1,0,1
blessings,1,0,1
countryman,1,0,1
cozen,1,0,1
nowthe,1,0,1
countrey,1,0,1
sighes,1,0,1
soldiours,1,0,1
dire,1,0,1
visited,1,0,1
distresses,1,0,1
comforted,1,0,1
medcines,1,0,1
deadly,1,0,1
greefe,1,0,1
childrendid,1,0,1
hellkite,1,0,1
chickens,1,0,1
damme,1,0,1
swoope,1,0,1
dispute,1,0,1
sinfull,1,0,1
strooke,1,0,1
naught,1,0,1
demerits,1,0,1
slaughter,1,0,1
whetstone,1,0,1
convert,1,0,1
anger,1,0,1
blunt,1,0,1
enrage,1,0,1
braggart,1,0,1
kild,1,0,1
bids,1,0,1
orefraught,1,0,1
shares,1,0,1
beet,1,0,1
lent,1,0,1
older,1,0,1
christendome,1,0,1
howld,1,0,1
desert,1,0,1
latch,1,0,1
concern,1,0,1
feegriefe,1,0,1
pertaines,1,0,1
whispers,1,0,1
dispise,1,0,1
possess,1,0,1
heaviest,1,0,1
humh,1,0,1
gvess,1,0,1
surprizd,1,0,1
savagely,1,0,1
slaughterd,1,0,1
browes,1,0,1
swoln,1,0,1
solicites,1,0,1
emptying,1,0,1
wholsome,1,0,1
foysons,1,0,1
portable,1,0,1
noneas,1,0,1
verity,1,0,1
temprance,1,0,1
stablenesse,1,0,1
bounty,1,0,1
perseverance,1,0,1
lowlinesse,1,0,1
devotion,1,0,1
fortitude,1,0,1
rellish,1,0,1
division,1,0,1
crime,1,0,1
acting,1,0,1
concord,1,0,1
uprore,1,0,1
universall,1,0,1
unity,1,0,1
livewith,1,0,1
untitled,1,0,1
summerseeming,1,0,1
pernicious,1,0,1
stickes,1,0,1
illcomposd,1,0,1
pleasures,1,0,1
plenty,1,0,1
hoodwinke,1,0,1
willing,1,0,1
dames,1,0,1
vulture,1,0,1
devoure,1,0,1
dedicate,1,0,1
inclinde,1,0,1
stanchless,1,0,1
wealth,1,0,1
nobles,1,0,1
lands,1,0,1
iewels,1,0,1
morehaving,1,0,1
hunger,1,0,1
forge,1,0,1
quarrels,1,0,1
uniust,1,0,1
destroying,1,0,1
sceptred,1,0,1
trvest,1,0,1
remaine,1,0,1
interdiction,1,0,1
laide,1,0,1
forsworne,1,0,1
scarsely,1,0,1
coveted,1,0,1
betray,1,0,1
speaking,1,0,1
goodnesse,1,0,1
warranted,1,0,1
quarrell,1,0,1
silent,1,0,1
unwelcom,1,0,1
reconcile,1,0,1
anoni,1,0,1
crew,1,0,1
malady,1,0,1
convinces,1,0,1
assay,1,0,1
sanctity,1,0,1
amend,1,0,1
evill,1,0,1
myraculous,1,0,1
blames,1,0,1
taints,1,0,1
abiure,1,0,1
wipd,1,0,1
accust,1,0,1
blaspheme,1,0,1
saintedking,1,0,1
bore,1,0,1
oftner,1,0,1
knees,1,0,1
repeatst,1,0,1
banishd,1,0,1
integrity,1,0,1
reconcild,1,0,1
detraction,1,0,1
divellish,1,0,1
traines,1,0,1
win,1,0,1
modest,1,0,1
pluckes,1,0,1
overcredulous,1,0,1
deale,1,0,1
betweene,1,0,1
unspeake,1,0,1
listen,1,0,1
assurance,1,0,1
ioy,1,0,1
offend,1,0,1
appall,1,0,1
proper,1,0,1
painting,1,0,1
ayredrawnedagger,1,0,1
flawes,1,0,1
starts,1,0,1
impostors,1,0,1
story,1,0,1
winters,1,0,1
authorizd,1,0,1
grandam,1,0,1
stoole,1,0,1
loe,1,0,1
nod,1,0,1
charnell,1,0,1
graves,1,0,1
bury,1,0,1
monuments,1,0,1
mawes,1,0,1
kytes,1,0,1
quite,1,0,1
extend,1,0,1
momentary,1,0,1
resolute,1,0,1
youth,1,0,1
teeth,1,0,1
sold,1,0,1
vouchd,1,0,1
feede,1,0,1
ceremony,1,0,1
sits,1,0,1
remembrancer,1,0,1
digestion,1,0,1
waite,1,0,1
appetite,1,0,1
mayt,1,0,1
roofd,1,0,1
gracd,1,0,1
challenge,1,0,1
unkindnesse,1,0,1
mischance,1,0,1
layes,1,0,1
pleast,1,0,1
reserud,1,0,1
moves,1,0,1
goary,1,0,1
unmannd,1,0,1
olden,1,0,1
statute,1,0,1
purgd,1,0,1
unreall,1,0,1
mockry,1,0,1
displacd,1,0,1
admird,1,0,1
overcome,1,0,1
summers,1,0,1
clowd,1,0,1
speciall,1,0,1
disposition,1,0,1
ruby,1,0,1
blanchd,1,0,1
enrages,1,0,1
stones,1,0,1
augures,1,0,1
understood,1,0,1
relations,1,0,1
maggot,1,0,1
pyes,1,0,1
choughes,1,0,1
rookes,1,0,1
secretst,1,0,1
girle,1,0,1
baby,1,0,1
inhabit,1,0,1
speculation,1,0,1
performd,1,0,1
crownes,1,0,1
stooles,1,0,1
muse,1,0,1
infirmity,1,0,1
pledge,1,0,1
avant,1,0,1
quit,1,0,1
marrowless,1,0,1
glare,1,0,1
trembling,1,0,1
peeres,1,0,1
spoyles,1,0,1
russian,1,0,1
rhinoceros,1,0,1
hircan,1,0,1
shape,1,0,1
nerves,1,0,1
tremble,1,0,1
desart,1,0,1
worme,1,0,1
trenched,1,0,1
bides,1,0,1
chuck,1,0,1
eminence,1,0,1
unsafe,1,0,1
lave,1,0,1
flattering,1,0,1
streames,1,0,1
vizards,1,0,1
disgvising,1,0,1
scorpions,1,0,1
knowst,1,0,1
coppies,1,0,1
eterne,1,0,1
assaileable,1,0,1
iocund,1,0,1
flowne,1,0,1
cloysterd,1,0,1
heccats,1,0,1
shardborn,1,0,1
beetle,1,0,1
drowsy,1,0,1
rung,1,0,1
yawning,1,0,1
apply,1,0,1
gvests,1,0,1
ioviall,1,0,1
nightly,1,0,1
scorchd,1,0,1
sheele,1,0,1
whilest,1,0,1
frame,1,0,1
disioynt,1,0,1
worlds,1,0,1
meale,1,0,1
affliction,1,0,1
dreames,1,0,1
torture,1,0,1
sleeke,1,0,1
restless,1,0,1
fitfull,1,0,1
fever,1,0,1
sleepes,1,0,1
treason,1,0,1
poyson,1,0,1
domestique,1,0,1
forraine,1,0,1
levy,1,0,1
peale,1,0,1
seeling,1,0,1
ditch,1,0,1
skarfe,1,0,1
usvally,1,0,1
rayne,1,0,1
trechery,1,0,1
affaire,1,0,1
hearty,1,0,1
society,1,0,1
hostess,1,0,1
speakes,1,0,1
encounter,1,0,1
harts,1,0,1
dispatchd,1,0,1
cutthroats,1,0,1
nonpareill,1,0,1
scapd,1,0,1
founded,1,0,1
rocke,1,0,1
casing,1,0,1
cabind,1,0,1
cribd,1,0,1
confind,1,0,1
bound,1,0,1
expectation,1,0,1
approches,1,0,1
inn,1,0,1
preys,1,0,1
invisible,1,0,1
cancell,1,0,1
pieces,1,0,1
thickens,1,0,1
crow,1,0,1
rooky,1,0,1
droope,1,0,1
drowse,1,0,1
agents,1,0,1
rowse,1,0,1
apace,1,0,1
marvellst,1,0,1
ioyne,1,0,1
mistrust,1,0,1
delivers,1,0,1
glimmers,1,0,1
streakes,1,0,1
spurres,1,0,1
lated,1,0,1
traveller,1,0,1
oddes,1,0,1
sayst,1,0,1
denies,1,0,1
gaines,1,0,1
blaspheming,1,0,1
iew,1,0,1
goate,1,0,1
slippes,1,0,1
yew,1,0,1
sliverd,1,0,1
moones,1,0,1
ecclipse,1,0,1
nose,1,0,1
turke,1,0,1
tartars,1,0,1
birthstrangled,1,0,1
ditchdeliverd,1,0,1
drab,1,0,1
grewell,1,0,1
thicke,1,0,1
slab,1,0,1
thereto,1,0,1
chawdron,1,0,1
cawdron,1,0,1
baboones,1,0,1
liver,1,0,1
diggd,1,0,1
hemlocke,1,0,1
howlets,1,0,1
frogge,1,0,1
wooll,1,0,1
dogge,1,0,1
adders,1,0,1
forke,1,0,1
blindewormes,1,0,1
sting,1,0,1
lizards,1,0,1
legge,1,0,1
powrefull,1,0,1
sharke,1,0,1
hellbroth,1,0,1
scale,1,0,1
dragon,1,0,1
wolfe,1,0,1
mummey,1,0,1
maw,1,0,1
gulfe,1,0,1
ravind,1,0,1
salt,1,0,1
share,1,0,1
sing,1,0,1
newt,1,0,1
elves,1,0,1
tumble,1,0,1
aske,1,0,1
thhadst,1,0,1
mouthes,1,0,1
masters,1,0,1
sowes,1,0,1
farrow,1,0,1
greaze,1,0,1
sweaten,1,0,1
murderers,1,0,1
gibbet,1,0,1
flame,1,0,1
deaftly,1,0,1
apparation,1,0,1
armed,1,0,1
nought,1,0,1
dismisse,1,0,1
harpd,1,0,1
commanded,1,0,1
potent,1,0,1
ild,1,0,1
germaine,1,0,1
foundations,1,0,1
slope,1,0,1
professe,1,0,1
fairies,1,0,1
inchanting,1,0,1
pricking,1,0,1
thumbes,1,0,1
wicked,1,0,1
knockes,1,0,1
midnight,1,0,1
hags,1,0,1
coniure,1,0,1
untye,1,0,1
pyramids,1,0,1
windes,1,0,1
churches,1,0,1
yesty,1,0,1
waves,1,0,1
swallow,1,0,1
bladed,1,0,1
topple,1,0,1
warders,1,0,1
pallaces,1,0,1
toe,1,0,1
bake,1,0,1
bidding,1,0,1
pittied,1,0,1
meete,1,0,1
destiny,1,0,1
spels,1,0,1
noone,1,0,1
corner,1,0,1
hangs,1,0,1
vaprous,1,0,1
profound,1,0,1
distilld,1,0,1
magicke,1,0,1
slights,1,0,1
artificiall,1,0,1
illusion,1,0,1
confusion,1,0,1
spurn,1,0,1
bove,1,0,1
security,1,0,1
mortals,1,0,1
cheefest,1,0,1
sheel,1,0,1
hit,1,0,1
acheron,1,0,1
pit,1,0,1
gon,1,0,1
angerly,1,0,1
betimes,1,0,1
stept,1,0,1
wade,1,0,1
returning,1,0,1
tedious,1,0,1
acted,1,0,1
scand,1,0,1
selfabuse,1,0,1
initiate,1,0,1
beldams,1,0,1
amends,1,0,1
overbold,1,0,1
trafficke,1,0,1
riddles,1,0,1
affaires,1,0,1
mistris,1,0,1
contriver,1,0,1
wayward,1,0,1
spightfull,1,0,1
wrathfull,1,0,1
interpret,1,0,1
want,1,0,1
fenny,1,0,1
monstrous,1,0,1
homage,1,0,1
exasperate,1,0,1
prepares,1,0,1
clowdy,1,0,1
turnes,1,0,1
rve,1,0,1
clogges,1,0,1
unfold,1,0,1
suffering,1,0,1
accursd,1,0,1
brinded,1,0,1
mewd,1,0,1
hedgepigge,1,0,1
whind,1,0,1
harpier,1,0,1
entrailes,1,0,1
toad,1,0,1
sweltred,1,0,1
pot,1,0,1
toile,1,0,1
fillet,1,0,1
faithfull,1,0,1
knives,1,0,1
banquets,1,0,1
andt,1,0,1
fact,1,0,1
delinquents,1,0,1
slaves,1,0,1
thralles,1,0,1
nobly,1,0,1
wisely,1,0,1
twould,1,0,1
angerd,1,0,1
denyt,1,0,1
fayld,1,0,1
feasts,1,0,1
bestowes,1,0,1
holds,1,0,1
birth,1,0,1
receyud,1,0,1
edward,1,0,1
malevolence,1,0,1
ayd,1,0,1
northumberland,1,0,1
ratify,1,0,1
prevention,0,1,1
